1	61
2	42
3	70
4	77
5	50
6	96
7	69
8	38
9	85
10	31
11	30
12	5
13	68
14	76
15	35
16	49
17	93
18	78
19	18
20	63
21	13
22	96
23	52
24	15
25	93
26	94
27	77
28	83
29	98
30	87
31	99
32	80
33	95
34	0
35	96
36	56
37	52
38	71
39	2
40	97
41	54
42	48
43	36
44	50
45	97
46	73
47	9
48	62
49	66
50	2
51	4
52	16
53	38
54	51
55	86
56	71
57	51
58	56
59	36
60	17
61	61
62	82
63	57
64	1
65	60
66	64
67	95
68	19
69	43
70	26
71	84
72	20
73	47
74	25
75	30
76	50
77	23
78	32
79	28
80	6
81	13
82	42
83	6
84	50
85	61
86	29
87	8
88	37
89	48
90	52
91	48
92	39
93	50
94	5
95	60
96	70
97	26
98	95
99	85
100	83
101	73
102	2
103	40
104	61
105	14
106	44
107	33
108	0
109	94
110	41
111	21
112	70
113	83
114	95
115	56
116	61
117	82
118	26
119	85
120	30
121	76
122	20
123	89
124	17
125	15
126	91
127	53
128	5
129	81
130	69
131	71
132	35
133	2
134	47
135	28
136	45
137	42
138	99
139	74
140	30
141	14
142	60
143	26
144	71
145	51
146	47
147	15
148	69
149	91
150	73
151	90
152	92
153	46
154	30
155	48
156	99
157	62
158	51
159	0
160	59
161	15
162	6
163	18
164	56
165	42
166	1
167	51
168	10
169	34
170	43
171	88
172	12
173	17
174	60
175	64
176	90
177	21
178	25
179	57
180	8
181	44
182	50
183	79
184	77
185	3
186	1
187	76
188	2
189	29
190	12
191	7
192	14
193	4
194	60
195	43
196	7
197	45
198	25
199	49
200	20
201	24
202	35
203	10
204	76
205	42
206	57
207	34
208	36
209	14
210	53
211	3
212	38
213	42
214	76
215	1
216	20
217	91
218	63
219	20
220	58
221	69
222	3
223	31
224	79
225	57
226	68
227	82
228	11
229	12
230	83
231	2
232	99
233	10
234	75
235	86
236	47
237	28
238	92
239	15
240	98
241	50
242	92
243	46
244	62
245	7
246	40
247	34
248	27
249	58
250	45
251	52
252	49
253	37
254	87
255	96
256	5
257	42
258	42
259	26
260	28
261	24
262	37
263	44
264	11
265	99
266	25
267	24
268	68
269	74
270	33
271	87
272	31
273	70
274	45
275	32
276	18
277	63
278	65
279	13
280	0
281	13
282	43
283	83
284	72
285	15
286	32
287	2
288	25
289	88
290	36
291	30
292	18
293	3
294	16
295	30
296	14
297	71
298	64
299	33
300	65
301	11
302	12
303	39
304	69
305	47
306	88
307	65
308	22
309	48
310	91
311	24
312	3
313	52
314	56
315	39
316	83
317	75
318	65
319	86
320	79
321	86
322	73
323	34
324	76
325	18
326	45
327	22
328	71
329	26
330	14
331	97
332	45
333	24
334	47
335	0
336	1
337	56
338	91
339	45
340	6
341	37
342	49
343	42
344	88
345	16
346	58
347	32
348	53
349	22
350	73
351	22
352	57
353	23
354	96
355	80
356	38
357	21
358	31
359	60
360	62
361	10
362	89
363	43
364	79
365	51
366	24
367	31
368	64
369	50
370	62
371	69
372	19
373	34
374	10
375	79
376	41
377	93
378	90
379	52
380	22
381	71
382	87
383	76
384	82
385	21
386	41
387	35
388	88
389	89
390	2
391	33
392	6
393	99
394	89
395	27
396	15
397	64
398	20
399	43
400	55
401	63
402	42
403	79
404	28
405	55
406	95
407	42
408	88
409	41
410	79
411	25
412	79
413	17
414	33
415	89
416	33
417	0
418	24
419	45
420	70
421	97
422	17
423	62
424	89
425	80
426	3
427	0
428	24
429	17
430	21
431	73
432	56
433	58
434	40
435	19
436	71
437	14
438	57
439	51
440	32
441	46
442	5
443	28
444	49
445	84
446	24
447	74
448	84
449	90
450	43
451	89
452	93
453	81
454	92
455	96
456	83
457	91
458	9
459	19
460	70
461	16
462	37
463	55
464	7
465	28
466	38
467	31
468	22
469	69
470	38
471	77
472	60
473	50
474	33
475	76
476	17
477	58
478	45
479	24
480	30
481	25
482	20
483	70
484	75
485	39
486	42
487	33
488	81
489	57
490	12
491	70
492	65
493	59
494	71
495	75
496	41
497	65
498	1
499	21
500	57
501	46
502	41
503	45
504	17
505	91
506	25
507	22
508	1
509	53
510	43
511	25
512	79
513	18
514	66
515	98
516	45
517	97
518	60
519	95
520	37
521	16
522	67
523	86
524	6
525	84
526	98
527	63
528	58
529	20
530	69
531	74
532	1
533	10
534	71
535	5
536	75
537	67
538	62
539	91
540	44
541	23
542	56
543	79
544	42
545	13
546	85
547	4
548	22
549	68
550	75
551	98
552	46
553	83
554	99
555	37
556	11
557	42
558	9
559	37
560	50
561	48
562	67
563	40
564	14
565	15
566	15
567	78
568	79
569	49
570	79
571	17
572	64
573	46
574	65
575	44
576	45
577	6
578	51
579	7
580	54
581	16
582	57
583	63
584	54
585	41
586	4
587	42
588	79
589	6
590	16
591	45
592	53
593	96
594	97
595	73
596	7
597	76
598	71
599	44
600	54
601	28
602	33
603	24
604	23
605	16
606	48
607	1
608	1
609	15
610	76
611	76
612	28
613	74
614	37
615	48
616	81
617	56
618	44
619	2
620	64
621	86
622	37
623	91
624	97
625	33
626	72
627	74
628	46
629	24
630	81
631	86
632	80
633	65
634	26
635	67
636	54
637	20
638	40
639	77
640	2
641	74
642	88
643	26
644	7
645	95
646	70
647	22
648	37
649	52
650	89
651	51
652	77
653	4
654	36
655	68
656	42
657	90
658	86
659	85
660	43
661	72
662	90
663	34
664	59
665	46
666	64
667	84
668	39
669	4
670	24
671	21
672	0
673	65
674	35
675	22
676	15
677	22
678	36
679	98
680	34
681	10
682	24
683	56
684	35
685	45
686	58
687	68
688	76
689	25
690	50
691	24
692	88
693	78
694	91
695	27
696	97
697	18
698	72
699	94
700	53
701	22
702	76
703	50
704	8
705	75
706	97
707	71
708	95
709	10
710	29
711	81
712	60
713	29
714	7
715	58
716	35
717	11
718	97
719	59
720	71
721	70
722	19
723	56
724	42
725	82
726	11
727	76
728	18
729	5
730	2
731	25
732	47
733	36
734	28
735	80
736	70
737	19
738	78
739	93
740	52
741	60
742	44
743	86
744	11
745	89
746	20
747	1
748	65
749	77
750	11
751	47
752	61
753	31
754	47
755	7
756	94
757	34
758	92
759	52
760	44
761	12
762	23
763	89
764	75
765	80
766	49
767	23
768	94
769	5
770	9
771	52
772	9
773	60
774	55
775	88
776	79
777	79
778	45
779	90
780	19
781	47
782	39
783	35
784	15
785	63
786	68
787	27
788	65
789	82
790	17
791	79
792	60
793	18
794	54
795	43
796	93
797	74
798	67
799	25
800	94
801	69
802	35
803	97
804	84
805	59
806	68
807	1
808	6
809	0
810	42
811	14
812	86
813	25
814	98
815	87
816	82
817	20
818	18
819	19
820	88
821	44
822	63
823	7
824	47
825	23
826	28
827	56
828	12
829	30
830	41
831	34
832	89
833	85
834	81
835	46
836	44
837	21
838	52
839	1
840	9
841	66
842	62
843	22
844	55
845	5
846	90
847	50
848	2
849	95
850	74
851	0
852	30
853	95
854	83
855	82
856	30
857	39
858	72
859	28
860	22
861	72
862	39
863	60
864	99
865	59
866	94
867	34
868	3
869	32
870	69
871	56
872	66
873	25
874	79
875	63
876	44
877	91
878	75
879	78
880	46
881	70
882	79
883	25
884	8
885	11
886	78
887	45
888	96
889	40
890	62
891	17
892	67
893	27
894	24
895	91
896	7
897	7
898	72
899	55
900	87
901	12
902	59
903	89
904	20
905	73
906	34
907	45
908	74
909	73
910	40
911	41
912	99
913	45
914	58
915	17
916	57
917	68
918	15
919	29
920	6
921	79
922	2
923	52
924	83
925	41
926	4
927	17
928	48
929	1
930	6
931	18
932	60
933	31
934	36
935	77
936	0
937	65
938	30
939	72
940	12
941	35
942	13
943	12
944	56
945	95
946	24
947	43
948	88
949	20
950	14
951	25
952	9
953	57
954	49
955	40
956	44
957	65
958	74
959	75
960	96
961	28
962	58
963	49
964	37
965	82
966	91
967	45
968	79
969	3
970	89
971	4
972	7
973	3
974	45
975	74
976	77
977	30
978	62
979	89
980	70
981	24
982	62
983	49
984	22
985	5
986	38
987	86
988	62
989	47
990	38
991	82
992	18
993	33
994	5
995	81
996	97
997	3
998	70
999	77
1000	98
1001	12
1002	43
1003	83
1004	59
1005	59
1006	57
1007	93
1008	31
1009	5
1010	2
1011	90
1012	52
1013	53
1014	97
1015	54
1016	4
1017	75
1018	12
1019	84
1020	9
1021	10
1022	53
1023	18
1024	57
1025	71
1026	88
1027	96
1028	30
1029	11
1030	39
1031	55
1032	36
1033	40
1034	33
1035	86
1036	29
1037	54
1038	26
1039	98
1040	14
1041	37
1042	92
1043	97
1044	74
1045	27
1046	24
1047	55
1048	0
1049	97
1050	16
1051	65
1052	99
1053	99
1054	49
1055	63
1056	64
1057	16
1058	82
1059	83
1060	60
1061	85
1062	96
1063	75
1064	21
1065	21
1066	37
1067	28
1068	36
1069	47
1070	24
1071	34
1072	33
1073	15
1074	23
1075	37
1076	68
1077	69
1078	67
1079	63
1080	62
1081	42
1082	27
1083	91
1084	34
1085	48
1086	11
1087	92
1088	10
1089	28
1090	46
1091	23
1092	93
1093	29
1094	62
1095	41
1096	2
1097	81
1098	87
1099	45
1100	50
1101	27
1102	7
1103	96
1104	54
1105	72
1106	2
1107	62
1108	85
1109	69
1110	71
1111	61
1112	70
1113	27
1114	59
1115	17
1116	5
1117	55
1118	76
1119	55
1120	21
1121	43
1122	90
1123	7
1124	43
1125	66
1126	63
1127	11
1128	90
1129	70
1130	48
1131	92
1132	75
1133	21
1134	83
1135	77
1136	67
1137	25
1138	45
1139	21
1140	78
1141	22
1142	60
1143	22
1144	43
1145	78
1146	68
1147	94
1148	47
1149	12
1150	82
1151	66
1152	25
1153	6
1154	90
1155	91
1156	50
1157	66
1158	80
1159	81
1160	29
1161	30
1162	23
1163	49
1164	91
1165	76
1166	64
1167	31
1168	96
1169	50
1170	43
1171	77
1172	95
1173	79
1174	54
1175	81
1176	78
1177	60
1178	68
1179	27
1180	7
1181	7
1182	95
1183	43
1184	16
1185	4
1186	79
1187	39
1188	87
1189	16
1190	0
1191	57
1192	45
1193	82
1194	79
1195	49
1196	40
1197	7
1198	50
1199	62
1200	50
1201	58
1202	46
1203	48
1204	43
1205	63
1206	29
1207	83
1208	27
1209	55
1210	51
1211	24
1212	39
1213	61
1214	87
1215	8
1216	7
1217	94
1218	75
1219	11
1220	30
1221	7
1222	15
1223	71
1224	90
1225	52
1226	33
1227	50
1228	63
1229	77
1230	60
1231	63
1232	81
1233	18
1234	40
1235	69
1236	75
1237	5
1238	21
1239	39
1240	90
1241	49
1242	95
1243	68
1244	4
1245	67
1246	17
1247	30
1248	91
1249	93
1250	19
1251	33
1252	70
1253	35
1254	1
1255	0
1256	1
1257	52
1258	27
1259	60
1260	87
1261	70
1262	42
1263	69
1264	23
1265	23
1266	82
1267	97
1268	11
1269	52
1270	41
1271	98
1272	90
1273	41
1274	68
1275	2
1276	0
1277	36
1278	82
1279	10
1280	44
1281	40
1282	75
1283	38
1284	87
1285	55
1286	95
1287	3
1288	55
1289	34
1290	51
1291	85
1292	29
1293	69
1294	75
1295	98
1296	36
1297	61
1298	50
1299	23
1300	9
1301	42
1302	25
1303	31
1304	15
1305	26
1306	45
1307	49
1308	69
1309	61
1310	40
1311	42
1312	23
1313	29
1314	67
1315	87
1316	40
1317	7
1318	43
1319	95
1320	2
1321	13
1322	37
1323	46
1324	85
1325	12
1326	59
1327	66
1328	88
1329	61
1330	98
1331	50
1332	88
1333	3
1334	79
1335	12
1336	12
1337	84
1338	61
1339	39
1340	40
1341	0
1342	15
1343	33
1344	41
1345	76
1346	87
1347	13
1348	48
1349	31
1350	70
1351	71
1352	19
1353	63
1354	58
1355	11
1356	89
1357	94
1358	55
1359	8
1360	4
1361	28
1362	49
1363	93
1364	19
1365	34
1366	2
1367	47
1368	70
1369	54
1370	74
1371	23
1372	22
1373	46
1374	72
1375	28
1376	91
1377	58
1378	28
1379	9
1380	62
1381	33
1382	41
1383	48
1384	37
1385	32
1386	65
1387	52
1388	75
1389	93
1390	32
1391	25
1392	12
1393	27
1394	1
1395	89
1396	61
1397	51
1398	23
1399	62
1400	78
1401	64
1402	82
1403	48
1404	93
1405	91
1406	78
1407	83
1408	9
1409	0
1410	2
1411	8
1412	91
1413	27
1414	7
1415	15
1416	42
1417	36
1418	74
1419	89
1420	19
1421	79
1422	82
1423	28
1424	31
1425	70
1426	90
1427	77
1428	9
1429	27
1430	97
1431	56
1432	86
1433	13
1434	9
1435	31
1436	73
1437	83
1438	53
1439	75
1440	0
1441	53
1442	37
1443	88
1444	87
1445	2
1446	57
1447	79
1448	47
1449	76
1450	62
1451	50
1452	42
1453	31
1454	73
1455	77
1456	58
1457	25
1458	10
1459	41
1460	12
1461	90
1462	40
1463	40
1464	22
1465	58
1466	1
1467	38
1468	34
1469	44
1470	73
1471	69
1472	36
1473	91
1474	89
1475	80
1476	67
1477	0
1478	69
1479	26
1480	95
1481	21
1482	44
1483	32
1484	78
1485	6
1486	77
1487	87
1488	40
1489	76
1490	87
1491	83
1492	50
1493	79
1494	63
1495	17
1496	28
1497	69
1498	94
1499	20
1500	58
1501	42
1502	99
1503	50
1504	42
1505	50
1506	4
1507	72
1508	38
1509	74
1510	4
1511	72
1512	68
1513	5
1514	0
1515	47
1516	5
1517	80
1518	25
1519	41
1520	41
1521	87
1522	90
1523	67
1524	72
1525	3
1526	78
1527	65
1528	34
1529	82
1530	27
1531	28
1532	89
1533	19
1534	21
1535	40
1536	61
1537	13
1538	90
1539	55
1540	73
1541	13
1542	87
1543	63
1544	49
1545	14
1546	21
1547	6
1548	20
1549	47
1550	52
1551	50
1552	56
1553	25
1554	80
1555	7
1556	10
1557	38
1558	16
1559	10
1560	54
1561	29
1562	20
1563	9
1564	64
1565	75
1566	50
1567	66
1568	83
1569	54
1570	3
1571	12
1572	2
1573	43
1574	50
1575	8
1576	42
1577	1
1578	66
1579	18
1580	53
1581	6
1582	81
1583	83
1584	0
1585	23
1586	40
1587	95
1588	79
1589	77
1590	57
1591	47
1592	60
1593	23
1594	56
1595	46
1596	13
1597	24
1598	5
1599	40
1600	83
1601	62
1602	74
1603	78
1604	51
1605	59
1606	8
1607	2
1608	30
1609	54
1610	34
1611	16
1612	42
1613	58
1614	73
1615	63
1616	40
1617	64
1618	18
1619	78
1620	45
1621	55
1622	50
1623	97
1624	84
1625	10
1626	93
1627	29
1628	19
1629	47
1630	53
1631	83
1632	30
1633	42
1634	40
1635	1
1636	6
1637	26
1638	81
1639	82
1640	89
1641	81
1642	70
1643	40
1644	58
1645	99
1646	50
1647	39
1648	99
1649	22
1650	25
1651	55
1652	20
1653	47
1654	67
1655	86
1656	13
1657	73
1658	91
1659	72
1660	8
1661	98
1662	4
1663	94
1664	50
1665	75
1666	93
1667	95
1668	0
1669	53
1670	95
1671	64
1672	89
1673	89
1674	11
1675	35
1676	87
1677	52
1678	24
1679	83
1680	33
1681	34
1682	81
1683	45
1684	75
1685	11
1686	84
1687	39
1688	20
1689	96
1690	43
1691	48
1692	60
1693	37
1694	13
1695	91
1696	75
1697	94
1698	89
1699	7
1700	63
1701	80
1702	45
1703	69
1704	44
1705	66
1706	97
1707	58
1708	57
1709	81
1710	52
1711	26
1712	89
1713	60
1714	25
1715	24
1716	83
1717	6
1718	60
1719	15
1720	27
1721	37
1722	61
1723	31
1724	18
1725	72
1726	75
1727	39
1728	76
1729	66
1730	21
1731	69
1732	67
1733	77
1734	48
1735	37
1736	99
1737	11
1738	50
1739	4
1740	38
1741	29
1742	8
1743	42
1744	78
1745	3
1746	64
1747	77
1748	60
1749	22
1750	65
1751	0
1752	17
1753	28
1754	58
1755	83
1756	78
1757	67
1758	26
1759	38
1760	54
1761	99
1762	9
1763	23
1764	91
1765	0
1766	58
1767	97
1768	32
1769	28
1770	25
1771	82
1772	33
1773	2
1774	99
1775	18
1776	1
1777	66
1778	6
1779	69
1780	11
1781	42
1782	13
1783	29
1784	88
1785	43
1786	73
1787	9
1788	25
1789	98
1790	77
1791	50
1792	8
1793	76
1794	88
1795	80
1796	66
1797	68
1798	84
1799	91
1800	44
1801	46
1802	50
1803	56
1804	73
1805	66
1806	74
1807	60
1808	18
1809	59
1810	74
1811	36
1812	21
1813	0
1814	22
1815	70
1816	49
1817	91
1818	45
1819	0
1820	4
1821	66
1822	35
1823	32
1824	97
1825	86
1826	38
1827	23
1828	60
1829	12
1830	7
1831	42
1832	72
1833	13
1834	77
1835	36
1836	56
1837	98
1838	31
1839	40
1840	75
1841	24
1842	84
1843	36
1844	27
1845	95
1846	70
1847	39
1848	31
1849	69
1850	38
1851	0
1852	77
1853	50
1854	77
1855	69
1856	36
1857	10
1858	1
1859	27
1860	50
1861	53
1862	38
1863	50
1864	18
1865	71
1866	13
1867	19
1868	17
1869	26
1870	94
1871	15
1872	26
1873	40
1874	38
1875	43
1876	65
1877	42
1878	68
1879	8
1880	87
1881	21
1882	26
1883	13
1884	49
1885	45
1886	89
1887	98
1888	81
1889	54
1890	85
1891	25
1892	44
1893	65
1894	64
1895	97
1896	49
1897	74
1898	60
1899	22
1900	46
1901	54
1902	58
1903	32
1904	37
1905	81
1906	43
1907	90
1908	25
1909	45
1910	99
1911	20
1912	73
1913	35
1914	56
1915	38
1916	99
1917	29
1918	60
1919	75
1920	12
1921	83
1922	58
1923	82
1924	71
1925	66
1926	78
1927	69
1928	93
1929	83
1930	38
1931	64
1932	12
1933	27
1934	48
1935	67
1936	99
1937	48
1938	0
1939	58
1940	38
1941	27
1942	49
1943	80
1944	8
1945	54
1946	33
1947	39
1948	76
1949	46
1950	16
1951	57
1952	62
1953	36
1954	93
1955	88
1956	53
1957	14
1958	58
1959	56
1960	90
1961	14
1962	81
1963	98
1964	22
1965	57
1966	6
1967	88
1968	99
1969	17
1970	56
1971	59
1972	75
1973	52
1974	44
1975	15
1976	85
1977	91
1978	69
1979	10
1980	64
1981	35
1982	11
1983	78
1984	33
1985	83
1986	60
1987	39
1988	70
1989	64
1990	69
1991	93
1992	51
1993	49
1994	14
1995	36
1996	64
1997	75
1998	14
1999	86
2000	42
2001	37
2002	5
2003	8
2004	25
2005	48
2006	32
2007	59
2008	69
2009	9
2010	65
2011	15
2012	70
2013	77
2014	90
2015	3
2016	7
2017	1
2018	26
2019	89
2020	89
2021	4
2022	48
2023	55
2024	91
2025	96
2026	38
2027	11
2028	23
2029	42
2030	53
2031	33
2032	31
2033	59
2034	11
2035	72
2036	57
2037	87
2038	43
2039	84
2040	78
2041	26
2042	13
2043	99
2044	69
2045	81
2046	59
2047	52
2048	43
2049	78
2050	19
2051	5
2052	41
2053	95
2054	43
2055	19
2056	55
2057	40
2058	18
2059	82
2060	23
2061	80
2062	18
2063	36
2064	62
2065	98
2066	89
2067	24
2068	24
2069	6
2070	99
2071	36
2072	25
2073	58
2074	92
2075	38
2076	11
2077	67
2078	52
2079	27
2080	89
2081	77
2082	4
2083	12
2084	87
2085	96
2086	99
2087	43
2088	14
2089	36
2090	20
2091	25
2092	14
2093	41
2094	95
2095	28
2096	37
2097	42
2098	89
2099	12
2100	75
2101	87
2102	39
2103	23
2104	30
2105	25
2106	40
2107	18
2108	24
2109	50
2110	67
2111	62
2112	82
2113	45
2114	44
2115	83
2116	76
2117	29
2118	51
2119	31
2120	18
2121	45
2122	0
2123	56
2124	77
2125	73
2126	47
2127	34
2128	52
2129	83
2130	36
2131	90
2132	12
2133	82
2134	18
2135	38
2136	17
2137	85
2138	81
2139	92
2140	45
2141	54
2142	49
2143	68
2144	11
2145	31
2146	36
2147	79
2148	75
2149	23
2150	86
2151	8
2152	52
2153	55
2154	37
2155	12
2156	39
2157	45
2158	88
2159	80
2160	71
2161	20
2162	60
2163	2
2164	9
2165	6
2166	41
2167	12
2168	47
2169	94
2170	34
2171	0
2172	0
2173	73
2174	6
2175	18
2176	56
2177	32
2178	8
2179	74
2180	76
2181	84
2182	41
2183	15
2184	24
2185	11
2186	45
2187	98
2188	71
2189	13
2190	68
2191	64
2192	14
2193	32
2194	74
2195	2
2196	61
2197	58
2198	39
2199	49
2200	58
2201	56
2202	77
2203	21
2204	47
2205	43
2206	39
2207	62
2208	80
2209	69
2210	22
2211	56
2212	84
2213	26
2214	52
2215	72
2216	92
2217	33
2218	19
2219	50
2220	39
2221	4
2222	87
2223	48
2224	17
2225	59
2226	22
2227	40
2228	19
2229	95
2230	88
2231	82
2232	15
2233	76
2234	3
2235	20
2236	92
2237	19
2238	38
2239	50
2240	68
2241	76
2242	49
2243	32
2244	64
2245	42
2246	82
2247	35
2248	78
2249	53
2250	29
2251	17
2252	47
2253	6
2254	15
2255	3
2256	1
2257	0
2258	10
2259	55
2260	22
2261	16
2262	14
2263	48
2264	45
2265	31
2266	26
2267	68
2268	4
2269	35
2270	45
2271	70
2272	95
2273	7
2274	32
2275	7
2276	92
2277	72
2278	16
2279	39
2280	24
2281	20
2282	59
2283	30
2284	14
2285	92
2286	96
2287	62
2288	95
2289	92
2290	91
2291	60
2292	50
2293	68
2294	93
2295	75
2296	59
2297	42
2298	88
2299	2
2300	83
2301	70
2302	79
2303	85
2304	22
2305	63
2306	42
2307	3
2308	53
2309	49
2310	68
2311	52
2312	65
2313	4
2314	17
2315	80
2316	5
2317	5
2318	32
2319	0
2320	33
2321	54
2322	59
2323	76
2324	35
2325	69
2326	42
2327	14
2328	53
2329	19
2330	27
2331	64
2332	23
2333	42
2334	74
2335	96
2336	80
2337	48
2338	39
2339	54
2340	43
2341	59
2342	81
2343	98
2344	48
2345	94
2346	49
2347	16
2348	62
2349	69
2350	60
2351	53
2352	24
2353	6
2354	43
2355	9
2356	35
2357	66
2358	13
2359	22
2360	39
2361	94
2362	77
2363	46
2364	78
2365	54
2366	87
2367	42
2368	41
2369	98
2370	90
2371	63
2372	2
2373	82
2374	79
2375	86
2376	29
2377	55
2378	70
2379	87
2380	8
2381	26
2382	62
2383	89
2384	34
2385	42
2386	77
2387	91
2388	50
2389	3
2390	21
2391	81
2392	61
2393	20
2394	66
2395	22
2396	97
2397	0
2398	65
2399	19
2400	55
2401	76
2402	63
2403	46
2404	5
2405	16
2406	87
2407	42
2408	12
2409	42
2410	96
2411	63
2412	30
2413	30
2414	46
2415	12
2416	19
2417	67
2418	49
2419	5
2420	44
2421	10
2422	27
2423	25
2424	86
2425	11
2426	30
2427	13
2428	67
2429	26
2430	82
2431	20
2432	65
2433	16
2434	13
2435	83
2436	93
2437	50
2438	3
2439	54
2440	41
2441	32
2442	38
2443	45
2444	60
2445	62
2446	21
2447	52
2448	77
2449	4
2450	23
2451	65
2452	94
2453	11
2454	94
2455	83
2456	60
2457	4
2458	94
2459	33
2460	45
2461	18
2462	63
2463	16
2464	14
2465	79
2466	2
2467	87
2468	95
2469	4
2470	15
2471	9
2472	92
2473	38
2474	90
2475	45
2476	41
2477	58
2478	24
2479	39
2480	35
2481	7
2482	93
2483	9
2484	92
2485	22
2486	23
2487	19
2488	16
2489	70
2490	77
2491	84
2492	52
2493	19
2494	36
2495	77
2496	6
2497	32
2498	60
2499	45
2500	67
2501	97
2502	58
2503	97
2504	23
2505	70
2506	70
2507	64
2508	0
2509	74
2510	50
2511	21
2512	92
2513	27
2514	29
2515	22
2516	6
2517	34
2518	8
2519	68
2520	78
2521	2
2522	26
2523	86
2524	48
2525	78
2526	60
2527	34
2528	37
2529	54
2530	85
2531	95
2532	7
2533	43
2534	60
2535	15
2536	59
2537	75
2538	48
2539	97
2540	10
2541	22
2542	48
2543	11
2544	22
2545	51
2546	64
2547	29
2548	99
2549	11
2550	78
2551	93
2552	69
2553	15
2554	15
2555	70
2556	87
2557	80
2558	44
2559	38
2560	38
2561	19
2562	56
2563	54
2564	75
2565	61
2566	30
2567	82
2568	1
2569	64
2570	12
2571	31
2572	19
2573	69
2574	41
2575	13
2576	22
2577	25
2578	50
2579	57
2580	29
2581	68
2582	93
2583	73
2584	0
2585	13
2586	97
2587	19
2588	38
2589	4
2590	58
2591	24
2592	3
2593	71
2594	78
2595	61
2596	86
2597	11
2598	30
2599	56
2600	36
2601	27
2602	82
2603	62
2604	76
2605	38
2606	95
2607	91
2608	86
2609	58
2610	63
2611	15
2612	87
2613	26
2614	57
2615	35
2616	74
2617	6
2618	10
2619	59
2620	1
2621	99
2622	43
2623	30
2624	73
2625	29
2626	7
2627	14
2628	8
2629	81
2630	29
2631	87
2632	24
2633	8
2634	7
2635	67
2636	69
2637	30
2638	31
2639	18
2640	24
2641	53
2642	35
2643	59
2644	43
2645	23
2646	46
2647	35
2648	21
2649	42
2650	25
2651	11
2652	87
2653	45
2654	38
2655	36
2656	59
2657	1
2658	87
2659	23
2660	98
2661	14
2662	96
2663	46
2664	28
2665	69
2666	68
2667	5
2668	53
2669	89
2670	58
2671	10
2672	52
2673	10
2674	14
2675	40
2676	24
2677	12
2678	47
2679	79
2680	17
2681	83
2682	20
2683	65
2684	83
2685	81
2686	54
2687	41
2688	46
2689	75
2690	0
2691	5
2692	7
2693	58
2694	49
2695	94
2696	42
2697	88
2698	20
2699	95
2700	3
2701	11
2702	52
2703	42
2704	28
2705	84
2706	87
2707	64
2708	61
2709	95
2710	35
2711	27
2712	58
2713	35
2714	7
2715	14
2716	99
2717	36
2718	76
2719	34
2720	30
2721	41
2722	63
2723	72
2724	99
2725	67
2726	39
2727	25
2728	93
2729	32
2730	27
2731	79
2732	66
2733	96
2734	74
2735	64
2736	89
2737	19
2738	41
2739	57
2740	55
2741	6
2742	28
2743	3
2744	63
2745	83
2746	42
2747	4
2748	68
2749	69
2750	96
2751	70
2752	58
2753	86
2754	63
2755	18
2756	27
2757	67
2758	20
2759	70
2760	68
2761	80
2762	7
2763	78
2764	73
2765	47
2766	30
2767	45
2768	5
2769	33
2770	17
2771	54
2772	5
2773	94
2774	5
2775	15
2776	99
2777	77
2778	25
2779	67
2780	64
2781	25
2782	45
2783	50
2784	84
2785	2
2786	0
2787	29
2788	85
2789	87
2790	74
2791	85
2792	11
2793	72
2794	42
2795	86
2796	34
2797	35
2798	21
2799	32
2800	85
2801	77
2802	8
2803	78
2804	56
2805	5
2806	8
2807	55
2808	41
2809	11
2810	82
2811	65
2812	80
2813	68
2814	7
2815	23
2816	75
2817	80
2818	84
2819	32
2820	28
2821	47
2822	14
2823	24
2824	88
2825	38
2826	88
2827	6
2828	35
2829	31
2830	1
2831	75
2832	11
2833	19
2834	47
2835	97
2836	73
2837	9
2838	9
2839	8
2840	29
2841	6
2842	88
2843	36
2844	3
2845	49
2846	62
2847	49
2848	70
2849	44
2850	30
2851	12
2852	48
2853	61
2854	37
2855	33
2856	67
2857	28
2858	96
2859	20
2860	73
2861	42
2862	62
2863	82
2864	96
2865	25
2866	29
2867	69
2868	86
2869	9
2870	3
2871	3
2872	89
2873	54
2874	93
2875	66
2876	5
2877	35
2878	37
2879	97
2880	18
2881	8
2882	67
2883	11
2884	72
2885	7
2886	34
2887	80
2888	27
2889	41
2890	32
2891	48
2892	40
2893	44
2894	25
2895	42
2896	31
2897	6
2898	96
2899	76
2900	0
2901	67
2902	19
2903	73
2904	9
2905	91
2906	79
2907	50
2908	6
2909	68
2910	95
2911	26
2912	45
2913	73
2914	42
2915	61
2916	25
2917	37
2918	41
2919	70
2920	3
2921	87
2922	60
2923	30
2924	25
2925	99
2926	12
2927	33
2928	35
2929	39
2930	24
2931	52
2932	49
2933	10
2934	67
2935	24
2936	89
2937	52
2938	40
2939	34
2940	69
2941	26
2942	86
2943	24
2944	6
2945	1
2946	34
2947	69
2948	32
2949	51
2950	16
2951	12
2952	9
2953	83
2954	14
2955	1
2956	16
2957	46
2958	70
2959	61
2960	82
2961	30
2962	67
2963	36
2964	80
2965	66
2966	30
2967	24
2968	56
2969	83
2970	51
2971	35
2972	74
2973	63
2974	22
2975	91
2976	24
2977	80
2978	91
2979	88
2980	22
2981	17
2982	61
2983	34
2984	91
2985	91
2986	43
2987	56
2988	83
2989	14
2990	90
2991	60
2992	68
2993	60
2994	27
2995	86
2996	86
2997	7
2998	13
2999	11
3000	9
3001	28
3002	38
3003	18
3004	88
3005	2
3006	13
3007	84
3008	20
3009	49
3010	21
3011	27
3012	74
3013	85
3014	66
3015	84
3016	8
3017	81
3018	82
3019	75
3020	43
3021	93
3022	91
3023	48
3024	48
3025	86
3026	68
3027	34
3028	98
3029	38
3030	77
3031	55
3032	36
3033	69
3034	17
3035	92
3036	78
3037	73
3038	83
3039	21
3040	6
3041	80
3042	46
3043	17
3044	17
3045	68
3046	34
3047	82
3048	77
3049	48
3050	21
3051	18
3052	91
3053	96
3054	74
3055	48
3056	60
3057	90
3058	16
3059	68
3060	11
3061	41
3062	74
3063	88
3064	58
3065	12
3066	19
3067	6
3068	69
3069	42
3070	62
3071	70
3072	93
3073	7
3074	12
3075	17
3076	57
3077	23
3078	47
3079	69
3080	29
3081	44
3082	94
3083	8
3084	47
3085	53
3086	0
3087	66
3088	90
3089	6
3090	35
3091	60
3092	6
3093	44
3094	3
3095	27
3096	15
3097	67
3098	78
3099	48
3100	56
3101	94
3102	2
3103	31
3104	26
3105	3
3106	12
3107	30
3108	38
3109	51
3110	9
3111	91
3112	97
3113	36
3114	68
3115	90
3116	7
3117	30
3118	48
3119	69
3120	55
3121	42
3122	39
3123	89
3124	86
3125	14
3126	58
3127	71
3128	78
3129	66
3130	61
3131	88
3132	9
3133	53
3134	69
3135	41
3136	19
3137	2
3138	27
3139	89
3140	73
3141	46
3142	41
3143	46
3144	39
3145	20
3146	85
3147	22
3148	15
3149	79
3150	75
3151	33
3152	41
3153	22
3154	13
3155	88
3156	67
3157	42
3158	99
3159	65
3160	0
3161	96
3162	44
3163	41
3164	43
3165	99
3166	46
3167	88
3168	7
3169	33
3170	77
3171	82
3172	15
3173	9
3174	27
3175	87
3176	50
3177	42
3178	24
3179	6
3180	32
3181	94
3182	92
3183	25
3184	20
3185	48
3186	37
3187	86
3188	66
3189	45
3190	86
3191	0
3192	78
3193	38
3194	21
3195	41
3196	49
3197	60
3198	47
3199	27
3200	32
3201	4
3202	15
3203	31
3204	89
3205	88
3206	7
3207	6
3208	67
3209	77
3210	61
3211	27
3212	81
3213	26
3214	77
3215	0
3216	15
3217	4
3218	12
3219	80
3220	84
3221	26
3222	86
3223	47
3224	50
3225	75
3226	50
3227	53
3228	33
3229	40
3230	63
3231	23
3232	21
3233	55
3234	14
3235	6
3236	44
3237	72
3238	90
3239	72
3240	64
3241	88
3242	92
3243	93
3244	87
3245	59
3246	45
3247	5
3248	0
3249	9
3250	3
3251	34
3252	40
3253	97
3254	4
3255	33
3256	46
3257	48
3258	49
3259	7
3260	72
3261	95
3262	16
3263	50
3264	9
3265	25
3266	24
3267	64
3268	51
3269	63
3270	46
3271	30
3272	81
3273	55
3274	15
3275	90
3276	31
3277	26
3278	73
3279	54
3280	26
3281	39
3282	38
3283	64
3284	44
3285	21
3286	19
3287	97
3288	46
3289	29
3290	36
3291	93
3292	84
3293	14
3294	92
3295	0
3296	47
3297	7
3298	64
3299	86
3300	80
3301	59
3302	71
3303	37
3304	26
3305	81
3306	11
3307	71
3308	46
3309	65
3310	12
3311	84
3312	65
3313	24
3314	92
3315	74
3316	93
3317	48
3318	36
3319	55
3320	96
3321	92
3322	81
3323	6
3324	88
3325	3
3326	60
3327	63
3328	1
3329	0
3330	17
3331	26
3332	13
3333	89
3334	10
3335	49
3336	93
3337	89
3338	79
3339	91
3340	43
3341	67
3342	36
3343	17
3344	75
3345	88
3346	21
3347	26
3348	89
3349	18
3350	82
3351	87
3352	89
3353	38
3354	54
3355	17
3356	47
3357	45
3358	83
3359	78
3360	49
3361	51
3362	20
3363	44
3364	70
3365	59
3366	63
3367	6
3368	79
3369	70
3370	76
3371	82
3372	86
3373	10
3374	7
3375	12
3376	62
3377	99
3378	99
3379	56
3380	47
3381	78
3382	82
3383	30
3384	4
3385	90
3386	2
3387	71
3388	14
3389	49
3390	34
3391	91
3392	69
3393	48
3394	77
3395	74
3396	94
3397	67
3398	70
3399	30
3400	21
3401	19
3402	8
3403	45
3404	0
3405	84
3406	92
3407	31
3408	65
3409	54
3410	40
3411	8
3412	91
3413	17
3414	12
3415	41
3416	17
3417	3
3418	59
3419	19
3420	40
3421	11
3422	7
3423	29
3424	63
3425	11
3426	20
3427	31
3428	51
3429	79
3430	75
3431	29
3432	70
3433	39
3434	10
3435	86
3436	33
3437	26
3438	57
3439	97
3440	48
3441	60
3442	26
3443	73
3444	62
3445	84
3446	3
3447	74
3448	21
3449	24
3450	89
3451	70
3452	84
3453	89
3454	76
3455	11
3456	4
3457	57
3458	42
3459	83
3460	42
3461	30
3462	41
3463	32
3464	97
3465	17
3466	93
3467	65
3468	72
3469	88
3470	45
3471	22
3472	3
3473	67
3474	65
3475	36
3476	69
3477	44
3478	71
3479	47
3480	68
3481	36
3482	36
3483	75
3484	73
3485	16
3486	90
3487	11
3488	49
3489	73
3490	88
3491	88
3492	45
3493	14
3494	17
3495	21
3496	72
3497	15
3498	23
3499	19
3500	80
3501	16
3502	0
3503	93
3504	57
3505	53
3506	87
3507	75
3508	76
3509	13
3510	1
3511	95
3512	88
3513	53
3514	23
3515	54
3516	77
3517	93
3518	99
3519	35
3520	21
3521	9
3522	65
3523	17
3524	61
3525	39
3526	68
3527	83
3528	89
3529	9
3530	60
3531	96
3532	35
3533	14
3534	22
3535	21
3536	53
3537	70
3538	97
3539	64
3540	60
3541	50
3542	71
3543	59
3544	73
3545	23
3546	60
3547	67
3548	47
3549	12
3550	65
3551	96
3552	26
3553	55
3554	98
3555	43
3556	39
3557	43
3558	92
3559	57
3560	40
3561	15
3562	65
3563	28
3564	42
3565	77
3566	72
3567	22
3568	28
3569	57
3570	99
3571	76
3572	89
3573	98
3574	43
3575	51
3576	63
3577	25
3578	43
3579	64
3580	18
3581	89
3582	29
3583	73
3584	18
3585	22
3586	67
3587	85
3588	61
3589	97
3590	80
3591	79
3592	38
3593	34
3594	29
3595	88
3596	4
3597	34
3598	55
3599	39
3600	76
3601	23
3602	36
3603	89
3604	69
3605	86
3606	72
3607	94
3608	19
3609	43
3610	29
3611	21
3612	33
3613	4
3614	75
3615	8
3616	88
3617	79
3618	52
3619	6
3620	92
3621	7
3622	83
3623	40
3624	85
3625	57
3626	36
3627	15
3628	84
3629	32
3630	33
3631	67
3632	6
3633	65
3634	80
3635	23
3636	75
3637	7
3638	76
3639	46
3640	51
3641	44
3642	89
3643	7
3644	69
3645	10
3646	51
3647	41
3648	80
3649	11
3650	41
3651	71
3652	74
3653	84
3654	29
3655	28
3656	68
3657	36
3658	40
3659	71
3660	68
3661	57
3662	80
3663	62
3664	1
3665	71
3666	9
3667	77
3668	0
3669	15
3670	82
3671	25
3672	28
3673	94
3674	25
3675	83
3676	74
3677	29
3678	17
3679	44
3680	1
3681	39
3682	59
3683	54
3684	17
3685	15
3686	12
3687	59
3688	24
3689	21
3690	63
3691	16
3692	39
3693	38
3694	9
3695	65
3696	31
3697	98
3698	35
3699	96
3700	52
3701	73
3702	52
3703	76
3704	93
3705	68
3706	69
3707	92
3708	94
3709	61
3710	69
3711	65
3712	59
3713	21
3714	29
3715	47
3716	29
3717	45
3718	28
3719	34
3720	77
3721	15
3722	37
3723	46
3724	85
3725	93
3726	93
3727	62
3728	70
3729	42
3730	60
3731	11
3732	3
3733	15
3734	70
3735	41
3736	15
3737	86
3738	91
3739	87
3740	67
3741	28
3742	79
3743	74
3744	9
3745	4
3746	12
3747	72
3748	61
3749	16
3750	71
3751	65
3752	32
3753	77
3754	72
3755	96
3756	67
3757	25
3758	51
3759	54
3760	98
3761	85
3762	34
3763	9
3764	89
3765	67
3766	17
3767	88
3768	3
3769	39
3770	88
3771	87
3772	96
3773	35
3774	1
3775	16
3776	35
3777	71
3778	68
3779	38
3780	4
3781	91
3782	48
3783	86
3784	22
3785	82
3786	72
3787	54
3788	1
3789	91
3790	57
3791	70
3792	79
3793	60
3794	74
3795	40
3796	76
3797	30
3798	23
3799	70
3800	82
3801	38
3802	73
3803	15
3804	52
3805	48
3806	64
3807	43
3808	52
3809	61
3810	76
3811	21
3812	28
3813	47
3814	3
3815	98
3816	31
3817	61
3818	24
3819	42
3820	46
3821	48
3822	55
3823	97
3824	27
3825	93
3826	90
3827	83
3828	44
3829	44
3830	30
3831	65
3832	73
3833	16
3834	84
3835	75
3836	96
3837	26
3838	1
3839	47
3840	86
3841	96
3842	25
3843	28
3844	94
3845	63
3846	55
3847	28
3848	63
3849	65
3850	38
3851	38
3852	7
3853	56
3854	35
3855	74
3856	59
3857	71
3858	76
3859	22
3860	40
3861	64
3862	52
3863	38
3864	25
3865	12
3866	5
3867	53
3868	5
3869	89
3870	9
3871	46
3872	69
3873	81
3874	85
3875	54
3876	22
3877	47
3878	79
3879	82
3880	15
3881	61
3882	66
3883	12
3884	16
3885	54
3886	25
3887	13
3888	71
3889	69
3890	37
3891	23
3892	83
3893	69
3894	29
3895	95
3896	75
3897	41
3898	1
3899	94
3900	79
3901	3
3902	26
3903	95
3904	49
3905	62
3906	8
3907	6
3908	33
3909	21
3910	8
3911	78
3912	70
3913	34
3914	10
3915	22
3916	93
3917	6
3918	42
3919	25
3920	7
3921	65
3922	80
3923	32
3924	38
3925	6
3926	98
3927	69
3928	20
3929	14
3930	8
3931	89
3932	56
3933	21
3934	33
3935	10
3936	35
3937	79
3938	44
3939	54
3940	55
3941	86
3942	22
3943	84
3944	65
3945	56
3946	4
3947	17
3948	32
3949	39
3950	99
3951	36
3952	88
3953	56
3954	24
3955	83
3956	8
3957	96
3958	63
3959	29
3960	68
3961	11
3962	49
3963	50
3964	65
3965	87
3966	85
3967	50
3968	42
3969	19
3970	79
3971	46
3972	44
3973	13
3974	89
3975	58
3976	58
3977	69
3978	15
3979	78
3980	46
3981	50
3982	94
3983	6
3984	1
3985	10
3986	12
3987	39
3988	94
3989	78
3990	79
3991	19
3992	32
3993	63
3994	42
3995	88
3996	53
3997	26
3998	68
3999	82
4000	98
4001	81
4002	32
4003	70
4004	62
4005	1
4006	82
4007	81
4008	15
4009	36
4010	73
4011	51
4012	1
4013	22
4014	12
4015	16
4016	72
4017	4
4018	97
4019	95
4020	88
4021	23
4022	94
4023	11
4024	69
4025	9
4026	76
4027	37
4028	45
4029	78
4030	2
4031	27
4032	51
4033	85
4034	36
4035	40
4036	47
4037	67
4038	73
4039	22
4040	62
4041	99
4042	9
4043	13
4044	59
4045	88
4046	70
4047	9
4048	34
4049	6
4050	75
4051	16
4052	57
4053	98
4054	30
4055	89
4056	57
4057	66
4058	79
4059	30
4060	89
4061	90
4062	36
4063	5
4064	11
4065	74
4066	49
4067	88
4068	73
4069	62
4070	98
4071	71
4072	54
4073	83
4074	72
4075	33
4076	76
4077	2
4078	17
4079	75
4080	73
4081	67
4082	93
4083	75
4084	63
4085	49
4086	80
4087	82
4088	15
4089	68
4090	61
4091	92
4092	61
4093	60
4094	1
4095	69
4096	43
4097	85
4098	4
4099	27
4100	66
4101	5
4102	22
4103	55
4104	99
4105	66
4106	46
4107	21
4108	56
4109	36
4110	2
4111	67
4112	20
4113	33
4114	79
4115	92
4116	63
4117	27
4118	95
4119	84
4120	62
4121	90
4122	41
4123	63
4124	26
4125	39
4126	77
4127	64
4128	5
4129	12
4130	98
4131	37
4132	90
4133	66
4134	43
4135	14
4136	96
4137	24
4138	20
4139	19
4140	57
4141	87
4142	93
4143	2
4144	66
4145	1
4146	72
4147	97
4148	68
4149	38
4150	35
4151	4
4152	24
4153	47
4154	14
4155	41
4156	29
4157	83
4158	77
4159	36
4160	95
4161	16
4162	24
4163	28
4164	35
4165	31
4166	44
4167	62
4168	50
4169	74
4170	74
4171	8
4172	38
4173	56
4174	44
4175	86
4176	21
4177	6
4178	11
4179	94
4180	87
4181	92
4182	90
4183	73
4184	9
4185	86
4186	91
4187	98
4188	31
4189	24
4190	14
4191	91
4192	63
4193	86
4194	93
4195	15
4196	95
4197	3
4198	33
4199	44
4200	4
4201	97
4202	30
4203	63
4204	3
4205	48
4206	23
4207	75
4208	68
4209	38
4210	24
4211	89
4212	67
4213	90
4214	98
4215	38
4216	51
4217	29
4218	41
4219	86
4220	6
4221	18
4222	57
4223	42
4224	34
4225	36
4226	35
4227	62
4228	78
4229	94
4230	7
4231	98
4232	9
4233	91
4234	26
4235	32
4236	85
4237	53
4238	96
4239	70
4240	3
4241	9
4242	47
4243	92
4244	4
4245	26
4246	78
4247	39
4248	36
4249	48
4250	95
4251	17
4252	49
4253	82
4254	11
4255	84
4256	51
4257	67
4258	50
4259	65
4260	74
4261	42
4262	85
4263	84
4264	60
4265	57
4266	0
4267	83
4268	72
4269	43
4270	60
4271	80
4272	32
4273	49
4274	21
4275	99
4276	24
4277	28
4278	89
4279	4
4280	31
4281	26
4282	9
4283	14
4284	13
4285	16
4286	73
4287	43
4288	52
4289	90
4290	38
4291	19
4292	68
4293	84
4294	74
4295	55
4296	77
4297	91
4298	89
4299	48
4300	33
4301	35
4302	7
4303	79
4304	88
4305	16
4306	63
4307	66
4308	5
4309	37
4310	67
4311	95
4312	90
4313	36
4314	0
4315	81
4316	48
4317	7
4318	3
4319	71
4320	33
4321	86
4322	99
4323	90
4324	27
4325	33
4326	37
4327	21
4328	32
4329	63
4330	3
4331	51
4332	20
4333	28
4334	66
4335	21
4336	95
4337	26
4338	2
4339	44
4340	26
4341	41
4342	58
4343	89
4344	62
4345	61
4346	38
4347	10
4348	63
4349	6
4350	95
4351	86
4352	32
4353	18
4354	75
4355	48
4356	51
4357	78
4358	2
4359	35
4360	64
4361	14
4362	49
4363	33
4364	68
4365	93
4366	87
4367	90
4368	74
4369	15
4370	81
4371	68
4372	56
4373	87
4374	94
4375	91
4376	64
4377	58
4378	17
4379	64
4380	68
4381	86
4382	54
4383	58
4384	66
4385	89
4386	97
4387	25
4388	99
4389	72
4390	20
4391	81
4392	51
4393	78
4394	94
4395	11
4396	2
4397	44
4398	99
4399	94
4400	41
4401	91
4402	44
4403	20
4404	63
4405	98
4406	34
4407	36
4408	50
4409	37
4410	39
4411	21
4412	42
4413	77
4414	72
4415	85
4416	35
4417	5
4418	28
4419	20
4420	65
4421	52
4422	67
4423	76
4424	34
4425	55
4426	44
4427	84
4428	88
4429	84
4430	88
4431	47
4432	6
4433	45
4434	20
4435	36
4436	94
4437	2
4438	71
4439	42
4440	26
4441	92
4442	41
4443	80
4444	18
4445	71
4446	56
4447	93
4448	75
4449	97
4450	40
4451	59
4452	43
4453	78
4454	68
4455	83
4456	76
4457	70
4458	46
4459	97
4460	46
4461	13
4462	88
4463	60
4464	88
4465	71
4466	29
4467	11
4468	15
4469	8
4470	73
4471	56
4472	70
4473	60
4474	44
4475	92
4476	30
4477	96
4478	70
4479	96
4480	55
4481	74
4482	68
4483	61
4484	28
4485	14
4486	9
4487	61
4488	70
4489	41
4490	32
4491	6
4492	49
4493	91
4494	44
4495	14
4496	62
4497	21
4498	29
4499	4
4500	68
4501	29
4502	23
4503	90
4504	30
4505	28
4506	4
4507	61
4508	86
4509	32
4510	91
4511	80
4512	61
4513	72
4514	21
4515	63
4516	80
4517	79
4518	55
4519	77
4520	11
4521	23
4522	60
4523	92
4524	31
4525	32
4526	89
4527	1
4528	6
4529	36
4530	45
4531	42
4532	33
4533	23
4534	35
4535	62
4536	74
4537	16
4538	37
4539	52
4540	94
4541	35
4542	5
4543	40
4544	38
4545	16
4546	62
4547	32
4548	56
4549	25
4550	29
4551	30
4552	59
4553	53
4554	42
4555	98
4556	6
4557	90
4558	10
4559	60
4560	3
4561	70
4562	91
4563	27
4564	75
4565	71
4566	0
4567	41
4568	31
4569	32
4570	2
4571	0
4572	77
4573	2
4574	36
4575	70
4576	72
4577	10
4578	72
4579	6
4580	79
4581	43
4582	29
4583	94
4584	87
4585	60
4586	87
4587	73
4588	36
4589	72
4590	22
4591	76
4592	76
4593	96
4594	86
4595	83
4596	51
4597	55
4598	24
4599	17
4600	97
4601	20
4602	97
4603	68
4604	41
4605	92
4606	75
4607	29
4608	72
4609	39
4610	15
4611	22
4612	78
4613	17
4614	6
4615	95
4616	28
4617	26
4618	45
4619	66
4620	53
4621	19
4622	42
4623	89
4624	61
4625	0
4626	1
4627	2
4628	31
4629	61
4630	45
4631	7
4632	49
4633	56
4634	53
4635	45
4636	21
4637	19
4638	38
4639	42
4640	3
4641	19
4642	77
4643	18
4644	48
4645	32
4646	22
4647	84
4648	30
4649	36
4650	4
4651	88
4652	4
4653	83
4654	3
4655	60
4656	79
4657	67
4658	12
4659	50
4660	57
4661	14
4662	72
4663	21
4664	85
4665	78
4666	38
4667	67
4668	87
4669	52
4670	81
4671	92
4672	30
4673	31
4674	42
4675	42
4676	30
4677	44
4678	31
4679	67
4680	63
4681	47
4682	41
4683	28
4684	65
4685	58
4686	84
4687	15
4688	78
4689	36
4690	56
4691	51
4692	62
4693	49
4694	97
4695	73
4696	86
4697	13
4698	75
4699	61
4700	67
4701	85
4702	60
4703	48
4704	38
4705	86
4706	67
4707	28
4708	57
4709	72
4710	84
4711	89
4712	28
4713	60
4714	58
4715	67
4716	16
4717	74
4718	60
4719	11
4720	84
4721	46
4722	82
4723	81
4724	64
4725	22
4726	79
4727	63
4728	8
4729	40
4730	19
4731	36
4732	35
4733	97
4734	77
4735	23
4736	20
4737	50
4738	63
4739	70
4740	80
4741	75
4742	61
4743	78
4744	68
4745	88
4746	85
4747	93
4748	2
4749	91
4750	49
4751	26
4752	13
4753	2
4754	80
4755	76
4756	73
4757	93
4758	22
4759	17
4760	8
4761	38
4762	80
4763	48
4764	11
4765	45
4766	46
4767	81
4768	81
4769	17
4770	59
4771	40
4772	97
4773	89
4774	53
4775	39
4776	24
4777	70
4778	95
4779	92
4780	20
4781	0
4782	42
4783	97
4784	85
4785	76
4786	91
4787	3
4788	84
4789	97
4790	3
4791	97
4792	52
4793	4
4794	18
4795	84
4796	98
4797	58
4798	15
4799	75
4800	1
4801	3
4802	41
4803	34
4804	31
4805	32
4806	65
4807	58
4808	62
4809	25
4810	60
4811	47
4812	77
4813	98
4814	22
4815	58
4816	66
4817	10
4818	42
4819	51
4820	69
4821	3
4822	53
4823	73
4824	0
4825	32
4826	61
4827	88
4828	24
4829	21
4830	43
4831	62
4832	37
4833	35
4834	20
4835	36
4836	94
4837	23
4838	71
4839	15
4840	86
4841	51
4842	51
4843	13
4844	77
4845	42
4846	0
4847	12
4848	59
4849	38
4850	94
4851	7
4852	11
4853	56
4854	5
4855	88
4856	82
4857	44
4858	17
4859	73
4860	1
4861	19
4862	8
4863	61
4864	23
4865	59
4866	13
4867	64
4868	4
4869	26
4870	45
4871	66
4872	34
4873	89
4874	21
4875	75
4876	88
4877	6
4878	52
4879	46
4880	71
4881	45
4882	17
4883	23
4884	91
4885	6
4886	1
4887	71
4888	51
4889	50
4890	54
4891	72
4892	17
4893	48
4894	70
4895	61
4896	0
4897	63
4898	91
4899	44
4900	47
4901	0
4902	90
4903	87
4904	58
4905	38
4906	39
4907	13
4908	12
4909	57
4910	58
4911	5
4912	6
4913	75
4914	44
4915	14
4916	56
4917	34
4918	63
4919	78
4920	54
4921	4
4922	62
4923	68
4924	33
4925	19
4926	49
4927	90
4928	72
4929	36
4930	56
4931	49
4932	41
4933	98
4934	81
4935	79
4936	61
4937	57
4938	35
4939	34
4940	93
4941	17
4942	25
4943	32
4944	38
4945	56
4946	51
4947	29
4948	90
4949	90
4950	42
4951	25
4952	49
4953	3
4954	49
4955	14
4956	83
4957	68
4958	76
4959	60
4960	68
4961	47
4962	57
4963	7
4964	47
4965	71
4966	2
4967	53
4968	63
4969	19
4970	43
4971	80
4972	38
4973	10
4974	7
4975	90
4976	66
4977	16
4978	18
4979	11
4980	10
4981	78
4982	18
4983	82
4984	21
4985	33
4986	46
4987	36
4988	76
4989	80
4990	80
4991	53
4992	55
4993	35
4994	56
4995	64
4996	7
4997	29
4998	7
4999	40
5000	18
5001	31
5002	74
5003	32
5004	38
5005	50
5006	70
5007	35
5008	21
5009	63
5010	88
5011	41
5012	14
5013	51
5014	62
5015	49
5016	52
5017	85
5018	11
5019	62
5020	42
5021	65
5022	26
5023	95
5024	71
5025	72
5026	15
5027	56
5028	22
5029	30
5030	27
5031	93
5032	98
5033	64
5034	86
5035	51
5036	41
5037	53
5038	1
5039	75
5040	34
5041	51
5042	31
5043	44
5044	9
5045	24
5046	13
5047	0
5048	16
5049	73
5050	88
5051	66
5052	25
5053	34
5054	23
5055	30
5056	32
5057	41
5058	84
5059	75
5060	27
5061	57
5062	28
5063	11
5064	31
5065	78
5066	94
5067	5
5068	64
5069	30
5070	26
5071	26
5072	79
5073	80
5074	89
5075	92
5076	27
5077	56
5078	27
5079	26
5080	48
5081	74
5082	81
5083	82
5084	77
5085	40
5086	44
5087	88
5088	26
5089	38
5090	69
5091	35
5092	6
5093	64
5094	18
5095	50
5096	12
5097	93
5098	21
5099	78
5100	64
5101	75
5102	99
5103	48
5104	39
5105	74
5106	43
5107	72
5108	93
5109	44
5110	92
5111	25
5112	48
5113	74
5114	87
5115	96
5116	11
5117	37
5118	75
5119	27
5120	57
5121	84
5122	32
5123	83
5124	87
5125	3
5126	47
5127	27
5128	79
5129	3
5130	44
5131	84
5132	25
5133	79
5134	65
5135	57
5136	11
5137	54
5138	53
5139	11
5140	84
5141	0
5142	64
5143	56
5144	65
5145	49
5146	53
5147	92
5148	0
5149	54
5150	31
5151	71
5152	18
5153	62
5154	38
5155	69
5156	99
5157	91
5158	16
5159	21
5160	97
5161	15
5162	25
5163	2
5164	3
5165	73
5166	18
5167	96
5168	62
5169	9
5170	35
5171	73
5172	90
5173	88
5174	46
5175	44
5176	50
5177	15
5178	79
5179	60
5180	65
5181	18
5182	40
5183	31
5184	97
5185	12
5186	15
5187	71
5188	45
5189	74
5190	33
5191	69
5192	38
5193	74
5194	44
5195	95
5196	97
5197	21
5198	28
5199	93
5200	75
5201	59
5202	66
5203	82
5204	5
5205	52
5206	33
5207	55
5208	17
5209	16
5210	65
5211	44
5212	26
5213	34
5214	35
5215	85
5216	42
5217	90
5218	18
5219	88
5220	30
5221	83
5222	29
5223	12
5224	85
5225	74
5226	12
5227	42
5228	5
5229	62
5230	21
5231	21
5232	70
5233	63
5234	54
5235	81
5236	2
5237	26
5238	9
5239	28
5240	26
5241	1
5242	80
5243	83
5244	75
5245	14
5246	88
5247	32
5248	24
5249	24
5250	59
5251	69
5252	86
5253	82
5254	80
5255	77
5256	38
5257	5
5258	43
5259	52
5260	42
5261	78
5262	20
5263	93
5264	35
5265	64
5266	99
5267	78
5268	25
5269	61
5270	42
5271	1
5272	33
5273	57
5274	28
5275	9
5276	25
5277	60
5278	79
5279	92
5280	68
5281	40
5282	43
5283	22
5284	60
5285	47
5286	86
5287	50
5288	48
5289	96
5290	3
5291	96
5292	46
5293	56
5294	85
5295	8
5296	19
5297	43
5298	1
5299	8
5300	12
5301	27
5302	34
5303	76
5304	74
5305	11
5306	24
5307	92
5308	6
5309	77
5310	28
5311	56
5312	5
5313	0
5314	57
5315	47
5316	80
5317	40
5318	82
5319	21
5320	0
5321	37
5322	65
5323	29
5324	73
5325	23
5326	81
5327	43
5328	87
5329	25
5330	53
5331	35
5332	11
5333	39
5334	34
5335	65
5336	58
5337	34
5338	29
5339	13
5340	60
5341	11
5342	32
5343	50
5344	42
5345	41
5346	66
5347	38
5348	13
5349	17
5350	21
5351	17
5352	92
5353	81
5354	10
5355	17
5356	74
5357	45
5358	19
5359	91
5360	80
5361	82
5362	93
5363	65
5364	98
5365	28
5366	52
5367	1
5368	61
5369	51
5370	83
5371	75
5372	34
5373	29
5374	91
5375	67
5376	62
5377	17
5378	94
5379	36
5380	67
5381	73
5382	48
5383	14
5384	47
5385	69
5386	54
5387	8
5388	0
5389	88
5390	92
5391	23
5392	16
5393	50
5394	16
5395	92
5396	38
5397	40
5398	66
5399	24
5400	33
5401	24
5402	76
5403	68
5404	0
5405	82
5406	70
5407	90
5408	20
5409	37
5410	26
5411	42
5412	24
5413	66
5414	76
5415	97
5416	9
5417	80
5418	90
5419	77
5420	13
5421	67
5422	98
5423	83
5424	97
5425	66
5426	25
5427	68
5428	8
5429	7
5430	52
5431	18
5432	64
5433	43
5434	51
5435	52
5436	30
5437	39
5438	46
5439	1
5440	16
5441	91
5442	53
5443	67
5444	78
5445	28
5446	58
5447	22
5448	66
5449	1
5450	75
5451	9
5452	9
5453	24
5454	86
5455	38
5456	70
5457	27
5458	11
5459	78
5460	89
5461	57
5462	67
5463	35
5464	19
5465	65
5466	40
5467	69
5468	26
5469	26
5470	90
5471	31
5472	79
5473	14
5474	20
5475	21
5476	34
5477	77
5478	2
5479	24
5480	15
5481	8
5482	31
5483	36
5484	52
5485	65
5486	34
5487	84
5488	71
5489	65
5490	28
5491	0
5492	68
5493	81
5494	86
5495	67
5496	58
5497	97
5498	96
5499	76
5500	88
5501	45
5502	27
5503	17
5504	97
5505	55
5506	12
5507	41
5508	68
5509	83
5510	34
5511	0
5512	81
5513	72
5514	82
5515	59
5516	88
5517	82
5518	39
5519	91
5520	87
5521	80
5522	68
5523	45
5524	26
5525	83
5526	34
5527	22
5528	3
5529	64
5530	89
5531	59
5532	30
5533	81
5534	63
5535	47
5536	34
5537	46
5538	66
5539	34
5540	8
5541	23
5542	46
5543	81
5544	98
5545	10
5546	75
5547	59
5548	15
5549	23
5550	86
5551	62
5552	67
5553	6
5554	43
5555	40
5556	22
5557	68
5558	79
5559	87
5560	24
5561	39
5562	96
5563	78
5564	60
5565	54
5566	52
5567	50
5568	40
5569	67
5570	16
5571	75
5572	45
5573	47
5574	88
5575	34
5576	87
5577	33
5578	24
5579	50
5580	42
5581	59
5582	70
5583	84
5584	0
5585	52
5586	91
5587	77
5588	7
5589	3
5590	96
5591	9
5592	20
5593	42
5594	40
5595	63
5596	97
5597	42
5598	89
5599	14
5600	71
5601	5
5602	28
5603	64
5604	31
5605	21
5606	0
5607	43
5608	74
5609	83
5610	8
5611	25
5612	93
5613	10
5614	10
5615	79
5616	25
5617	45
5618	83
5619	85
5620	85
5621	51
5622	15
5623	16
5624	37
5625	24
5626	73
5627	91
5628	39
5629	46
5630	33
5631	46
5632	87
5633	42
5634	32
5635	39
5636	20
5637	19
5638	27
5639	69
5640	77
5641	65
5642	51
5643	29
5644	4
5645	11
5646	82
5647	99
5648	87
5649	56
5650	84
5651	15
5652	71
5653	84
5654	34
5655	74
5656	50
5657	19
5658	96
5659	31
5660	80
5661	48
5662	28
5663	58
5664	41
5665	99
5666	89
5667	15
5668	28
5669	66
5670	38
5671	25
5672	7
5673	64
5674	85
5675	89
5676	92
5677	2
5678	44
5679	48
5680	23
5681	79
5682	30
5683	64
5684	8
5685	68
5686	22
5687	93
5688	88
5689	25
5690	21
5691	89
5692	96
5693	52
5694	60
5695	99
5696	33
5697	0
5698	97
5699	14
5700	31
5701	88
5702	11
5703	36
5704	36
5705	75
5706	17
5707	0
5708	60
5709	62
5710	12
5711	94
5712	7
5713	20
5714	33
5715	84
5716	67
5717	38
5718	52
5719	10
5720	22
5721	35
5722	97
5723	92
5724	52
5725	91
5726	58
5727	26
5728	26
5729	3
5730	46
5731	81
5732	99
5733	9
5734	29
5735	16
5736	54
5737	9
5738	16
5739	81
5740	10
5741	24
5742	91
5743	59
5744	93
5745	87
5746	11
5747	1
5748	68
5749	57
5750	66
5751	31
5752	55
5753	14
5754	95
5755	79
5756	32
5757	27
5758	24
5759	77
5760	98
5761	65
5762	48
5763	58
5764	95
5765	17
5766	52
5767	5
5768	42
5769	83
5770	52
5771	92
5772	95
5773	86
5774	44
5775	82
5776	5
5777	61
5778	0
5779	35
5780	35
5781	46
5782	42
5783	65
5784	1
5785	11
5786	58
5787	4
5788	38
5789	3
5790	75
5791	95
5792	0
5793	76
5794	49
5795	24
5796	85
5797	95
5798	90
5799	68
5800	42
5801	70
5802	82
5803	32
5804	58
5805	73
5806	75
5807	69
5808	69
5809	55
5810	79
5811	62
5812	9
5813	17
5814	54
5815	84
5816	12
5817	89
5818	16
5819	50
5820	67
5821	85
5822	4
5823	23
5824	74
5825	87
5826	96
5827	43
5828	51
5829	52
5830	18
5831	95
5832	1
5833	7
5834	13
5835	77
5836	24
5837	12
5838	37
5839	25
5840	6
5841	4
5842	61
5843	43
5844	75
5845	95
5846	18
5847	31
5848	73
5849	12
5850	8
5851	30
5852	50
5853	95
5854	54
5855	40
5856	43
5857	16
5858	34
5859	60
5860	79
5861	60
5862	72
5863	5
5864	77
5865	56
5866	63
5867	17
5868	81
5869	49
5870	32
5871	14
5872	9
5873	84
5874	25
5875	3
5876	13
5877	61
5878	80
5879	33
5880	89
5881	87
5882	58
5883	96
5884	8
5885	3
5886	53
5887	15
5888	18
5889	59
5890	26
5891	11
5892	54
5893	22
5894	9
5895	95
5896	52
5897	69
5898	90
5899	12
5900	17
5901	15
5902	5
5903	47
5904	14
5905	83
5906	21
5907	36
5908	48
5909	60
5910	41
5911	63
5912	74
5913	21
5914	57
5915	67
5916	7
5917	41
5918	89
5919	98
5920	66
5921	80
5922	12
5923	29
5924	93
5925	2
5926	92
5927	6
5928	95
5929	86
5930	19
5931	75
5932	97
5933	90
5934	57
5935	16
5936	87
5937	4
5938	48
5939	0
5940	89
5941	21
5942	3
5943	22
5944	90
5945	72
5946	95
5947	31
5948	70
5949	93
5950	25
5951	62
5952	35
5953	98
5954	70
5955	44
5956	10
5957	76
5958	75
5959	74
5960	14
5961	78
5962	93
5963	50
5964	47
5965	30
5966	38
5967	66
5968	6
5969	98
5970	55
5971	51
5972	11
5973	89
5974	41
5975	84
5976	18
5977	27
5978	95
5979	43
5980	21
5981	74
5982	73
5983	74
5984	17
5985	74
5986	55
5987	53
5988	67
5989	68
5990	54
5991	96
5992	93
5993	20
5994	58
5995	96
5996	73
5997	70
5998	36
5999	79
6000	50
6001	86
6002	96
6003	94
6004	98
6005	10
6006	99
6007	34
6008	75
6009	84
6010	68
6011	67
6012	39
6013	37
6014	19
6015	36
6016	84
6017	49
6018	57
6019	15
6020	27
6021	90
6022	27
6023	17
6024	12
6025	65
6026	97
6027	87
6028	46
6029	57
6030	80
6031	68
6032	7
6033	81
6034	64
6035	74
6036	93
6037	33
6038	0
6039	87
6040	27
6041	82
6042	47
6043	86
6044	69
6045	37
6046	32
6047	95
6048	59
6049	16
6050	31
6051	98
6052	29
6053	36
6054	64
6055	8
6056	21
6057	8
6058	48
6059	88
6060	92
6061	16
6062	19
6063	81
6064	90
6065	65
6066	75
6067	23
6068	89
6069	83
6070	2
6071	89
6072	85
6073	89
6074	8
6075	16
6076	86
6077	95
6078	67
6079	88
6080	55
6081	53
6082	97
6083	89
6084	13
6085	15
6086	79
6087	2
6088	14
6089	24
6090	8
6091	21
6092	98
6093	65
6094	40
6095	48
6096	40
6097	17
6098	48
6099	56
6100	53
6101	9
6102	65
6103	73
6104	24
6105	6
6106	91
6107	15
6108	50
6109	97
6110	84
6111	6
6112	58
6113	69
6114	7
6115	30
6116	85
6117	29
6118	93
6119	1
6120	90
6121	61
6122	13
6123	0
6124	85
6125	15
6126	56
6127	79
6128	83
6129	76
6130	89
6131	14
6132	57
6133	36
6134	55
6135	8
6136	24
6137	80
6138	6
6139	39
6140	55
6141	54
6142	80
6143	5
6144	7
6145	3
6146	80
6147	66
6148	51
6149	7
6150	27
6151	24
6152	30
6153	49
6154	91
6155	18
6156	40
6157	91
6158	91
6159	71
6160	73
6161	69
6162	35
6163	52
6164	40
6165	24
6166	7
6167	41
6168	33
6169	31
6170	72
6171	44
6172	25
6173	33
6174	98
6175	94
6176	26
6177	52
6178	73
6179	2
6180	98
6181	83
6182	79
6183	50
6184	40
6185	78
6186	14
6187	69
6188	53
6189	82
6190	59
6191	80
6192	49
6193	77
6194	61
6195	37
6196	86
6197	79
6198	7
6199	3
6200	18
6201	80
6202	54
6203	52
6204	91
6205	22
6206	70
6207	26
6208	47
6209	26
6210	19
6211	59
6212	84
6213	93
6214	81
6215	11
6216	63
6217	82
6218	33
6219	40
6220	52
6221	48
6222	58
6223	39
6224	1
6225	6
6226	25
6227	55
6228	91
6229	35
6230	25
6231	65
6232	55
6233	32
6234	0
6235	61
6236	45
6237	24
6238	25
6239	87
6240	80
6241	42
6242	0
6243	51
6244	13
6245	36
6246	69
6247	0
6248	37
6249	24
6250	16
6251	88
6252	17
6253	9
6254	99
6255	39
6256	2
6257	5
6258	47
6259	90
6260	52
6261	37
6262	47
6263	69
6264	60
6265	68
6266	35
6267	94
6268	10
6269	20
6270	30
6271	65
6272	97
6273	50
6274	82
6275	63
6276	99
6277	68
6278	79
6279	38
6280	93
6281	61
6282	87
6283	17
6284	10
6285	39
6286	41
6287	39
6288	30
6289	29
6290	72
6291	77
6292	16
6293	36
6294	19
6295	16
6296	58
6297	27
6298	69
6299	95
6300	5
6301	21
6302	78
6303	27
6304	53
6305	16
6306	36
6307	81
6308	12
6309	53
6310	47
6311	26
6312	26
6313	59
6314	53
6315	89
6316	86
6317	66
6318	61
6319	98
6320	3
6321	20
6322	53
6323	26
6324	95
6325	76
6326	29
6327	46
6328	77
6329	17
6330	86
6331	53
6332	0
6333	10
6334	82
6335	75
6336	28
6337	53
6338	62
6339	53
6340	19
6341	28
6342	52
6343	30
6344	82
6345	3
6346	81
6347	16
6348	23
6349	19
6350	34
6351	9
6352	69
6353	80
6354	83
6355	18
6356	16
6357	17
6358	56
6359	41
6360	68
6361	80
6362	14
6363	70
6364	85
6365	95
6366	21
6367	21
6368	94
6369	44
6370	24
6371	58
6372	63
6373	15
6374	83
6375	68
6376	94
6377	73
6378	62
6379	88
6380	35
6381	38
6382	99
6383	38
6384	29
6385	51
6386	23
6387	82
6388	89
6389	9
6390	10
6391	86
6392	33
6393	47
6394	23
6395	5
6396	4
6397	96
6398	69
6399	63
6400	36
6401	23
6402	52
6403	19
6404	38
6405	95
6406	84
6407	99
6408	26
6409	11
6410	94
6411	41
6412	65
6413	32
6414	8
6415	38
6416	31
6417	55
6418	22
6419	83
6420	19
6421	84
6422	55
6423	90
6424	10
6425	37
6426	24
6427	51
6428	1
6429	25
6430	19
6431	93
6432	27
6433	28
6434	70
6435	47
6436	71
6437	78
6438	23
6439	9
6440	40
6441	50
6442	68
6443	98
6444	18
6445	74
6446	34
6447	31
6448	4
6449	53
6450	94
6451	83
6452	28
6453	95
6454	89
6455	16
6456	3
6457	27
6458	60
6459	8
6460	45
6461	68
6462	37
6463	14
6464	87
6465	76
6466	86
6467	92
6468	98
6469	0
6470	86
6471	59
6472	90
6473	22
6474	37
6475	32
6476	63
6477	99
6478	32
6479	65
6480	80
6481	95
6482	49
6483	1
6484	48
6485	2
6486	46
6487	77
6488	8
6489	11
6490	97
6491	95
6492	84
6493	61
6494	74
6495	4
6496	27
6497	99
6498	71
6499	69
6500	63
6501	93
6502	25
6503	23
6504	68
6505	37
6506	43
6507	89
6508	69
6509	80
6510	60
6511	87
6512	80
6513	78
6514	30
6515	70
6516	78
6517	98
6518	21
6519	5
6520	29
6521	89
6522	70
6523	85
6524	96
6525	6
6526	71
6527	31
6528	8
6529	8
6530	27
6531	61
6532	47
6533	16
6534	12
6535	70
6536	9
6537	8
6538	36
6539	10
6540	62
6541	81
6542	79
6543	2
6544	24
6545	31
6546	75
6547	16
6548	96
6549	65
6550	35
6551	1
6552	63
6553	2
6554	41
6555	99
6556	35
6557	84
6558	74
6559	99
6560	57
6561	28
6562	24
6563	8
6564	50
6565	72
6566	93
6567	43
6568	57
6569	53
6570	38
6571	72
6572	70
6573	51
6574	6
6575	53
6576	1
6577	59
6578	83
6579	1
6580	34
6581	26
6582	44
6583	54
6584	42
6585	71
6586	23
6587	52
6588	56
6589	22
6590	79
6591	59
6592	2
6593	49
6594	99
6595	33
6596	39
6597	67
6598	89
6599	14
6600	66
6601	0
6602	98
6603	71
6604	33
6605	49
6606	13
6607	24
6608	66
6609	6
6610	85
6611	90
6612	5
6613	58
6614	27
6615	13
6616	49
6617	58
6618	12
6619	13
6620	22
6621	70
6622	35
6623	73
6624	21
6625	78
6626	89
6627	56
6628	94
6629	9
6630	20
6631	8
6632	13
6633	94
6634	94
6635	33
6636	3
6637	28
6638	60
6639	28
6640	81
6641	48
6642	95
6643	14
6644	40
6645	69
6646	44
6647	28
6648	90
6649	41
6650	67
6651	20
6652	27
6653	51
6654	83
6655	28
6656	76
6657	45
6658	68
6659	59
6660	95
6661	8
6662	49
6663	66
6664	96
6665	74
6666	11
6667	76
6668	72
6669	95
6670	78
6671	26
6672	49
6673	74
6674	76
6675	21
6676	23
6677	35
6678	53
6679	17
6680	56
6681	53
6682	47
6683	39
6684	0
6685	29
6686	89
6687	52
6688	76
6689	66
6690	75
6691	64
6692	92
6693	11
6694	95
6695	59
6696	91
6697	81
6698	93
6699	92
6700	25
6701	59
6702	38
6703	71
6704	70
6705	12
6706	69
6707	30
6708	45
6709	78
6710	33
6711	37
6712	46
6713	4
6714	75
6715	56
6716	48
6717	17
6718	93
6719	73
6720	53
6721	62
6722	46
6723	81
6724	45
6725	81
6726	82
6727	37
6728	44
6729	93
6730	54
6731	27
6732	57
6733	79
6734	19
6735	58
6736	45
6737	18
6738	8
6739	36
6740	8
6741	34
6742	28
6743	7
6744	69
6745	72
6746	84
6747	25
6748	52
6749	90
6750	68
6751	31
6752	78
6753	92
6754	84
6755	72
6756	10
6757	30
6758	4
6759	95
6760	45
6761	32
6762	70
6763	62
6764	51
6765	91
6766	50
6767	29
6768	18
6769	75
6770	13
6771	27
6772	75
6773	47
6774	85
6775	64
6776	11
6777	12
6778	32
6779	74
6780	68
6781	68
6782	1
6783	55
6784	79
6785	59
6786	88
6787	76
6788	47
6789	82
6790	17
6791	98
6792	42
6793	75
6794	9
6795	2
6796	11
6797	23
6798	8
6799	73
6800	76
6801	79
6802	13
6803	89
6804	20
6805	79
6806	37
6807	68
6808	25
6809	2
6810	58
6811	56
6812	42
6813	34
6814	34
6815	94
6816	35
6817	90
6818	9
6819	92
6820	62
6821	31
6822	38
6823	57
6824	79
6825	11
6826	38
6827	43
6828	67
6829	53
6830	35
6831	14
6832	0
6833	39
6834	40
6835	54
6836	91
6837	21
6838	15
6839	78
6840	38
6841	23
6842	59
6843	12
6844	87
6845	53
6846	80
6847	43
6848	96
6849	59
6850	63
6851	40
6852	97
6853	24
6854	57
6855	96
6856	51
6857	26
6858	21
6859	95
6860	25
6861	1
6862	7
6863	5
6864	93
6865	78
6866	63
6867	54
6868	76
6869	22
6870	67
6871	82
6872	65
6873	88
6874	40
6875	35
6876	56
6877	33
6878	68
6879	46
6880	22
6881	64
6882	11
6883	48
6884	47
6885	33
6886	8
6887	10
6888	93
6889	51
6890	86
6891	45
6892	98
6893	90
6894	23
6895	4
6896	77
6897	56
6898	47
6899	29
6900	29
6901	25
6902	86
6903	68
6904	91
6905	53
6906	43
6907	99
6908	33
6909	90
6910	82
6911	12
6912	64
6913	93
6914	65
6915	99
6916	96
6917	14
6918	11
6919	98
6920	80
6921	82
6922	55
6923	3
6924	55
6925	52
6926	34
6927	62
6928	38
6929	55
6930	10
6931	50
6932	98
6933	70
6934	58
6935	37
6936	73
6937	97
6938	99
6939	78
6940	17
6941	85
6942	76
6943	77
6944	50
6945	55
6946	59
6947	85
6948	86
6949	36
6950	37
6951	5
6952	31
6953	37
6954	42
6955	16
6956	74
6957	77
6958	1
6959	72
6960	29
6961	22
6962	25
6963	51
6964	72
6965	80
6966	20
6967	78
6968	74
6969	32
6970	69
6971	4
6972	18
6973	1
6974	67
6975	37
6976	95
6977	35
6978	19
6979	3
6980	50
6981	76
6982	97
6983	34
6984	8
6985	82
6986	55
6987	25
6988	82
6989	49
6990	1
6991	52
6992	64
6993	27
6994	2
6995	98
6996	97
6997	84
6998	27
6999	89
7000	88
7001	79
7002	15
7003	96
7004	82
7005	96
7006	31
7007	95
7008	42
7009	40
7010	41
7011	26
7012	69
7013	27
7014	60
7015	98
7016	87
7017	14
7018	9
7019	63
7020	66
7021	92
7022	4
7023	6
7024	50
7025	9
7026	73
7027	51
7028	21
7029	67
7030	44
7031	43
7032	19
7033	99
7034	98
7035	94
7036	62
7037	11
7038	51
7039	10
7040	52
7041	70
7042	13
7043	53
7044	74
7045	71
7046	81
7047	32
7048	73
7049	78
7050	69
7051	29
7052	1
7053	6
7054	25
7055	28
7056	57
7057	49
7058	57
7059	86
7060	58
7061	0
7062	79
7063	2
7064	29
7065	71
7066	34
7067	93
7068	51
7069	58
7070	87
7071	92
7072	37
7073	69
7074	47
7075	97
7076	26
7077	9
7078	52
7079	78
7080	16
7081	41
7082	91
7083	14
7084	80
7085	1
7086	18
7087	51
7088	18
7089	26
7090	73
7091	27
7092	70
7093	6
7094	9
7095	82
7096	38
7097	72
7098	17
7099	82
7100	89
7101	66
7102	38
7103	76
7104	69
7105	79
7106	90
7107	25
7108	42
7109	58
7110	60
7111	5
7112	65
7113	47
7114	20
7115	89
7116	89
7117	18
7118	6
7119	11
7120	0
7121	35
7122	59
7123	59
7124	13
7125	59
7126	32
7127	17
7128	14
7129	32
7130	38
7131	53
7132	11
7133	87
7134	51
7135	75
7136	69
7137	75
7138	20
7139	17
7140	76
7141	94
7142	83
7143	91
7144	64
7145	92
7146	58
7147	87
7148	87
7149	25
7150	18
7151	22
7152	17
7153	57
7154	93
7155	67
7156	49
7157	23
7158	38
7159	70
7160	52
7161	45
7162	74
7163	1
7164	62
7165	56
7166	11
7167	45
7168	12
7169	40
7170	69
7171	92
7172	99
7173	62
7174	29
7175	8
7176	5
7177	72
7178	50
7179	21
7180	86
7181	87
7182	18
7183	93
7184	45
7185	36
7186	44
7187	18
7188	48
7189	2
7190	53
7191	59
7192	74
7193	50
7194	37
7195	21
7196	38
7197	29
7198	36
7199	4
7200	0
7201	25
7202	18
7203	71
7204	88
7205	57
7206	72
7207	67
7208	11
7209	59
7210	5
7211	23
7212	66
7213	4
7214	0
7215	72
7216	84
7217	34
7218	55
7219	43
7220	71
7221	14
7222	74
7223	83
7224	47
7225	15
7226	49
7227	98
7228	67
7229	3
7230	86
7231	92
7232	41
7233	19
7234	98
7235	71
7236	48
7237	93
7238	53
7239	48
7240	84
7241	51
7242	54
7243	63
7244	60
7245	24
7246	2
7247	56
7248	24
7249	28
7250	16
7251	79
7252	29
7253	55
7254	34
7255	32
7256	86
7257	49
7258	99
7259	97
7260	7
7261	66
7262	5
7263	80
7264	58
7265	76
7266	1
7267	68
7268	44
7269	56
7270	59
7271	85
7272	28
7273	17
7274	4
7275	23
7276	91
7277	56
7278	38
7279	95
7280	0
7281	2
7282	59
7283	93
7284	26
7285	66
7286	59
7287	31
7288	46
7289	54
7290	62
7291	6
7292	97
7293	54
7294	0
7295	76
7296	93
7297	35
7298	4
7299	80
7300	39
7301	87
7302	48
7303	73
7304	44
7305	10
7306	92
7307	73
7308	8
7309	46
7310	4
7311	73
7312	43
7313	62
7314	87
7315	0
7316	55
7317	24
7318	71
7319	69
7320	34
7321	60
7322	2
7323	38
7324	23
7325	99
7326	6
7327	22
7328	53
7329	47
7330	86
7331	77
7332	28
7333	60
7334	77
7335	40
7336	77
7337	70
7338	99
7339	54
7340	99
7341	32
7342	41
7343	35
7344	35
7345	50
7346	86
7347	23
7348	34
7349	95
7350	5
7351	36
7352	35
7353	91
7354	30
7355	69
7356	87
7357	85
7358	22
7359	98
7360	46
7361	22
7362	90
7363	98
7364	0
7365	95
7366	28
7367	10
7368	73
7369	12
7370	53
7371	65
7372	19
7373	13
7374	68
7375	81
7376	16
7377	84
7378	37
7379	62
7380	95
7381	37
7382	72
7383	48
7384	21
7385	60
7386	90
7387	28
7388	14
7389	63
7390	64
7391	16
7392	66
7393	18
7394	79
7395	64
7396	66
7397	44
7398	87
7399	9
7400	20
7401	47
7402	4
7403	64
7404	88
7405	50
7406	38
7407	47
7408	0
7409	72
7410	39
7411	34
7412	16
7413	94
7414	1
7415	57
7416	77
7417	87
7418	41
7419	63
7420	47
7421	23
7422	97
7423	5
7424	24
7425	18
7426	91
7427	47
7428	46
7429	51
7430	61
7431	86
7432	5
7433	25
7434	99
7435	47
7436	8
7437	59
7438	10
7439	24
7440	21
7441	66
7442	68
7443	78
7444	40
7445	83
7446	89
7447	61
7448	14
7449	31
7450	1
7451	34
7452	70
7453	57
7454	27
7455	23
7456	36
7457	79
7458	80
7459	63
7460	93
7461	13
7462	12
7463	68
7464	59
7465	19
7466	27
7467	47
7468	24
7469	47
7470	15
7471	14
7472	94
7473	20
7474	80
7475	58
7476	30
7477	5
7478	33
7479	21
7480	53
7481	13
7482	95
7483	34
7484	4
7485	52
7486	37
7487	24
7488	39
7489	37
7490	26
7491	2
7492	0
7493	34
7494	22
7495	3
7496	90
7497	86
7498	28
7499	71
7500	27
7501	75
7502	29
7503	81
7504	59
7505	83
7506	40
7507	44
7508	63
7509	84
7510	36
7511	84
7512	7
7513	74
7514	12
7515	52
7516	47
7517	79
7518	19
7519	56
7520	42
7521	69
7522	64
7523	28
7524	25
7525	25
7526	73
7527	64
7528	65
7529	57
7530	48
7531	32
7532	42
7533	16
7534	41
7535	61
7536	87
7537	21
7538	81
7539	38
7540	19
7541	11
7542	86
7543	94
7544	30
7545	50
7546	53
7547	84
7548	50
7549	29
7550	89
7551	48
7552	73
7553	7
7554	83
7555	17
7556	31
7557	1
7558	38
7559	7
7560	38
7561	67
7562	8
7563	67
7564	59
7565	58
7566	10
7567	65
7568	55
7569	73
7570	21
7571	13
7572	40
7573	46
7574	94
7575	30
7576	33
7577	43
7578	68
7579	85
7580	51
7581	53
7582	93
7583	22
7584	45
7585	84
7586	24
7587	11
7588	10
7589	77
7590	23
7591	81
7592	96
7593	61
7594	75
7595	93
7596	10
7597	39
7598	67
7599	24
7600	33
7601	91
7602	64
7603	9
7604	90
7605	37
7606	70
7607	65
7608	69
7609	36
7610	31
7611	69
7612	28
7613	17
7614	4
7615	98
7616	9
7617	60
7618	1
7619	57
7620	29
7621	36
7622	91
7623	47
7624	47
7625	58
7626	50
7627	55
7628	98
7629	14
7630	84
7631	90
7632	15
7633	50
7634	47
7635	69
7636	4
7637	83
7638	0
7639	9
7640	57
7641	81
7642	76
7643	60
7644	65
7645	51
7646	58
7647	86
7648	49
7649	61
7650	21
7651	72
7652	19
7653	15
7654	34
7655	80
7656	68
7657	17
7658	76
7659	31
7660	37
7661	56
7662	82
7663	22
7664	0
7665	31
7666	68
7667	38
7668	99
7669	32
7670	14
7671	19
7672	44
7673	99
7674	83
7675	16
7676	64
7677	55
7678	23
7679	37
7680	66
7681	4
7682	57
7683	27
7684	30
7685	6
7686	5
7687	89
7688	37
7689	97
7690	11
7691	94
7692	54
7693	74
7694	38
7695	98
7696	76
7697	33
7698	75
7699	66
7700	63
7701	97
7702	32
7703	27
7704	53
7705	5
7706	67
7707	59
7708	11
7709	8
7710	75
7711	23
7712	91
7713	70
7714	24
7715	41
7716	56
7717	23
7718	76
7719	16
7720	59
7721	66
7722	22
7723	33
7724	0
7725	34
7726	86
7727	90
7728	92
7729	94
7730	10
7731	72
7732	21
7733	74
7734	24
7735	25
7736	8
7737	60
7738	15
7739	65
7740	87
7741	13
7742	97
7743	86
7744	28
7745	96
7746	27
7747	80
7748	95
7749	95
7750	11
7751	35
7752	66
7753	44
7754	59
7755	25
7756	75
7757	81
7758	53
7759	77
7760	69
7761	68
7762	60
7763	0
7764	93
7765	62
7766	75
7767	73
7768	87
7769	15
7770	42
7771	25
7772	81
7773	50
7774	46
7775	89
7776	44
7777	41
7778	81
7779	96
7780	64
7781	27
7782	80
7783	14
7784	92
7785	85
7786	72
7787	25
7788	32
7789	51
7790	40
7791	34
7792	20
7793	79
7794	41
7795	53
7796	51
7797	13
7798	21
7799	99
7800	14
7801	37
7802	15
7803	41
7804	93
7805	8
7806	69
7807	38
7808	22
7809	31
7810	11
7811	82
7812	63
7813	66
7814	46
7815	94
7816	56
7817	54
7818	63
7819	54
7820	43
7821	65
7822	63
7823	62
7824	11
7825	25
7826	23
7827	3
7828	61
7829	25
7830	48
7831	32
7832	85
7833	61
7834	13
7835	57
7836	67
7837	8
7838	3
7839	39
7840	94
7841	65
7842	26
7843	19
7844	66
7845	80
7846	26
7847	86
7848	21
7849	61
7850	59
7851	82
7852	48
7853	3
7854	51
7855	92
7856	61
7857	51
7858	56
7859	7
7860	35
7861	87
7862	88
7863	4
7864	27
7865	78
7866	68
7867	29
7868	6
7869	92
7870	53
7871	88
7872	52
7873	24
7874	36
7875	23
7876	54
7877	58
7878	18
7879	49
7880	72
7881	49
7882	46
7883	74
7884	98
7885	45
7886	42
7887	26
7888	44
7889	32
7890	6
7891	73
7892	12
7893	59
7894	66
7895	71
7896	26
7897	37
7898	29
7899	5
7900	1
7901	53
7902	46
7903	81
7904	27
7905	80
7906	39
7907	17
7908	61
7909	35
7910	79
7911	14
7912	71
7913	41
7914	77
7915	74
7916	9
7917	76
7918	27
7919	49
7920	68
7921	71
7922	43
7923	87
7924	25
7925	0
7926	91
7927	26
7928	5
7929	36
7930	23
7931	78
7932	28
7933	44
7934	90
7935	92
7936	82
7937	40
7938	27
7939	33
7940	82
7941	78
7942	12
7943	55
7944	60
7945	88
7946	89
7947	66
7948	16
7949	47
7950	0
7951	37
7952	82
7953	57
7954	37
7955	9
7956	79
7957	13
7958	47
7959	27
7960	13
7961	45
7962	22
7963	60
7964	81
7965	63
7966	8
7967	23
7968	25
7969	87
7970	9
7971	95
7972	20
7973	1
7974	15
7975	75
7976	82
7977	62
7978	42
7979	90
7980	63
7981	82
7982	67
7983	20
7984	29
7985	60
7986	55
7987	75
7988	82
7989	77
7990	24
7991	97
7992	84
7993	94
7994	1
7995	86
7996	66
7997	26
7998	44
7999	25
8000	6
8001	90
8002	51
8003	6
8004	94
8005	47
8006	26
8007	22
8008	15
8009	92
8010	70
8011	4
8012	89
8013	18
8014	65
8015	43
8016	48
8017	11
8018	69
8019	66
8020	14
8021	40
8022	84
8023	33
8024	68
8025	73
8026	67
8027	39
8028	55
8029	15
8030	35
8031	57
8032	19
8033	35
8034	50
8035	81
8036	0
8037	46
8038	99
8039	85
8040	34
8041	40
8042	99
8043	87
8044	23
8045	57
8046	82
8047	31
8048	91
8049	19
8050	65
8051	36
8052	24
8053	4
8054	37
8055	9
8056	82
8057	41
8058	62
8059	45
8060	75
8061	65
8062	1
8063	30
8064	3
8065	59
8066	68
8067	12
8068	38
8069	43
8070	42
8071	76
8072	21
8073	44
8074	26
8075	91
8076	38
8077	62
8078	53
8079	19
8080	81
8081	32
8082	50
8083	8
8084	69
8085	67
8086	68
8087	69
8088	8
8089	51
8090	52
8091	25
8092	74
8093	21
8094	15
8095	27
8096	33
8097	83
8098	1
8099	36
8100	80
8101	75
8102	37
8103	36
8104	50
8105	46
8106	34
8107	18
8108	77
8109	69
8110	16
8111	14
8112	30
8113	63
8114	58
8115	92
8116	58
8117	56
8118	65
8119	2
8120	12
8121	34
8122	39
8123	35
8124	96
8125	82
8126	69
8127	0
8128	37
8129	53
8130	81
8131	94
8132	86
8133	33
8134	43
8135	67
8136	17
8137	98
8138	95
8139	33
8140	90
8141	29
8142	96
8143	82
8144	33
8145	9
8146	87
8147	64
8148	77
8149	63
8150	58
8151	91
8152	40
8153	79
8154	25
8155	64
8156	55
8157	87
8158	18
8159	81
8160	74
8161	76
8162	17
8163	42
8164	38
8165	5
8166	51
8167	3
8168	34
8169	73
8170	71
8171	24
8172	69
8173	40
8174	8
8175	17
8176	59
8177	38
8178	22
8179	44
8180	42
8181	4
8182	36
8183	75
8184	40
8185	75
8186	40
8187	69
8188	88
8189	67
8190	60
8191	55
8192	65
8193	24
8194	66
8195	9
8196	70
8197	79
8198	91
8199	69
8200	14
8201	21
8202	76
8203	2
8204	67
8205	4
8206	64
8207	41
8208	1
8209	31
8210	31
8211	40
8212	37
8213	33
8214	14
8215	17
8216	58
8217	97
8218	84
8219	82
8220	70
8221	19
8222	15
8223	19
8224	16
8225	70
8226	59
8227	72
8228	84
8229	16
8230	13
8231	26
8232	1
8233	70
8234	74
8235	96
8236	56
8237	39
8238	59
8239	38
8240	35
8241	60
8242	25
8243	88
8244	33
8245	7
8246	5
8247	35
8248	33
8249	61
8250	83
8251	31
8252	0
8253	70
8254	13
8255	96
8256	7
8257	12
8258	62
8259	97
8260	36
8261	62
8262	76
8263	0
8264	79
8265	18
8266	87
8267	60
8268	24
8269	40
8270	60
8271	56
8272	93
8273	49
8274	47
8275	97
8276	47
8277	74
8278	1
8279	99
8280	81
8281	68
8282	73
8283	53
8284	47
8285	93
8286	36
8287	64
8288	8
8289	28
8290	88
8291	5
8292	64
8293	60
8294	98
8295	65
8296	78
8297	60
8298	30
8299	24
8300	58
8301	74
8302	13
8303	99
8304	9
8305	20
8306	44
8307	66
8308	40
8309	99
8310	50
8311	59
8312	36
8313	58
8314	19
8315	76
8316	98
8317	30
8318	15
8319	23
8320	0
8321	66
8322	69
8323	69
8324	88
8325	12
8326	78
8327	98
8328	39
8329	55
8330	1
8331	51
8332	55
8333	1
8334	66
8335	71
8336	70
8337	83
8338	59
8339	74
8340	93
8341	39
8342	52
8343	27
8344	83
8345	2
8346	80
8347	60
8348	16
8349	42
8350	74
8351	2
8352	14
8353	72
8354	86
8355	48
8356	70
8357	30
8358	83
8359	94
8360	53
8361	59
8362	24
8363	68
8364	81
8365	57
8366	53
8367	72
8368	10
8369	21
8370	64
8371	99
8372	1
8373	47
8374	80
8375	95
8376	59
8377	62
8378	85
8379	53
8380	37
8381	44
8382	30
8383	15
8384	94
8385	16
8386	79
8387	97
8388	4
8389	72
8390	81
8391	54
8392	74
8393	86
8394	54
8395	91
8396	70
8397	20
8398	15
8399	70
8400	57
8401	23
8402	18
8403	68
8404	62
8405	4
8406	20
8407	17
8408	95
8409	18
8410	89
8411	95
8412	62
8413	42
8414	17
8415	39
8416	79
8417	28
8418	48
8419	31
8420	14
8421	61
8422	34
8423	19
8424	30
8425	84
8426	19
8427	45
8428	64
8429	0
8430	16
8431	49
8432	13
8433	26
8434	49
8435	38
8436	12
8437	95
8438	31
8439	72
8440	62
8441	21
8442	53
8443	88
8444	14
8445	70
8446	22
8447	26
8448	71
8449	18
8450	30
8451	56
8452	51
8453	52
8454	60
8455	6
8456	7
8457	50
8458	46
8459	16
8460	66
8461	65
8462	79
8463	7
8464	23
8465	54
8466	87
8467	25
8468	33
8469	55
8470	91
8471	6
8472	21
8473	96
8474	77
8475	90
8476	71
8477	65
8478	22
8479	53
8480	53
8481	91
8482	28
8483	46
8484	43
8485	29
8486	35
8487	67
8488	22
8489	18
8490	97
8491	19
8492	68
8493	62
8494	8
8495	60
8496	44
8497	97
8498	74
8499	35
8500	65
8501	66
8502	66
8503	50
8504	92
8505	8
8506	71
8507	39
8508	59
8509	99
8510	27
8511	48
8512	78
8513	87
8514	38
8515	61
8516	58
8517	11
8518	94
8519	52
8520	49
8521	50
8522	18
8523	28
8524	50
8525	25
8526	33
8527	21
8528	64
8529	5
8530	92
8531	32
8532	6
8533	40
8534	1
8535	76
8536	76
8537	6
8538	25
8539	93
8540	23
8541	68
8542	40
8543	52
8544	89
8545	24
8546	1
8547	2
8548	10
8549	30
8550	14
8551	91
8552	62
8553	66
8554	44
8555	84
8556	80
8557	67
8558	35
8559	48
8560	74
8561	77
8562	8
8563	19
8564	0
8565	96
8566	95
8567	9
8568	84
8569	34
8570	90
8571	71
8572	18
8573	66
8574	39
8575	72
8576	5
8577	69
8578	15
8579	39
8580	41
8581	68
8582	80
8583	21
8584	80
8585	98
8586	17
8587	42
8588	9
8589	34
8590	51
8591	63
8592	17
8593	65
8594	13
8595	21
8596	0
8597	29
8598	82
8599	2
8600	70
8601	21
8602	81
8603	49
8604	8
8605	32
8606	50
8607	56
8608	60
8609	44
8610	22
8611	4
8612	5
8613	65
8614	58
8615	0
8616	80
8617	23
8618	8
8619	29
8620	72
8621	55
8622	59
8623	50
8624	22
8625	49
8626	93
8627	70
8628	57
8629	65
8630	98
8631	56
8632	91
8633	32
8634	13
8635	45
8636	91
8637	66
8638	60
8639	59
8640	49
8641	38
8642	4
8643	18
8644	55
8645	43
8646	58
8647	4
8648	4
8649	65
8650	5
8651	71
8652	26
8653	10
8654	60
8655	84
8656	64
8657	35
8658	37
8659	51
8660	27
8661	92
8662	46
8663	52
8664	45
8665	12
8666	44
8667	36
8668	93
8669	52
8670	67
8671	74
8672	22
8673	49
8674	34
8675	81
8676	59
8677	32
8678	93
8679	63
8680	84
8681	26
8682	98
8683	41
8684	46
8685	57
8686	87
8687	51
8688	33
8689	9
8690	98
8691	27
8692	2
8693	33
8694	40
8695	42
8696	93
8697	97
8698	62
8699	82
8700	23
8701	93
8702	11
8703	27
8704	5
8705	66
8706	29
8707	23
8708	65
8709	9
8710	24
8711	43
8712	80
8713	11
8714	44
8715	13
8716	74
8717	31
8718	74
8719	35
8720	79
8721	16
8722	49
8723	55
8724	97
8725	3
8726	26
8727	22
8728	13
8729	9
8730	85
8731	90
8732	45
8733	36
8734	74
8735	49
8736	93
8737	18
8738	81
8739	51
8740	65
8741	13
8742	61
8743	9
8744	15
8745	82
8746	5
8747	36
8748	50
8749	0
8750	54
8751	0
8752	76
8753	72
8754	51
8755	17
8756	54
8757	88
8758	81
8759	89
8760	98
8761	60
8762	80
8763	69
8764	33
8765	0
8766	99
8767	9
8768	53
8769	74
8770	69
8771	72
8772	33
8773	4
8774	47
8775	8
8776	18
8777	85
8778	97
8779	94
8780	73
8781	17
8782	75
8783	14
8784	45
8785	22
8786	55
8787	10
8788	19
8789	27
8790	68
8791	58
8792	17
8793	19
8794	19
8795	45
8796	19
8797	46
8798	81
8799	7
8800	72
8801	80
8802	48
8803	95
8804	23
8805	68
8806	33
8807	61
8808	43
8809	41
8810	0
8811	66
8812	65
8813	38
8814	57
8815	64
8816	74
8817	46
8818	20
8819	18
8820	12
8821	91
8822	32
8823	16
8824	13
8825	96
8826	31
8827	25
8828	52
8829	77
8830	96
8831	72
8832	44
8833	38
8834	9
8835	77
8836	84
8837	41
8838	43
8839	81
8840	92
8841	76
8842	90
8843	28
8844	97
8845	85
8846	33
8847	76
8848	82
8849	93
8850	4
8851	15
8852	47
8853	16
8854	26
8855	22
8856	94
8857	1
8858	63
8859	14
8860	97
8861	52
8862	87
8863	33
8864	54
8865	19
8866	6
8867	43
8868	42
8869	27
8870	74
8871	75
8872	20
8873	73
8874	88
8875	81
8876	89
8877	72
8878	45
8879	1
8880	96
8881	0
8882	52
8883	54
8884	64
8885	60
8886	3
8887	26
8888	28
8889	96
8890	34
8891	98
8892	11
8893	32
8894	42
8895	5
8896	20
8897	71
8898	49
8899	43
8900	91
8901	34
8902	72
8903	18
8904	81
8905	59
8906	52
8907	4
8908	37
8909	73
8910	69
8911	81
8912	13
8913	19
8914	48
8915	46
8916	41
8917	44
8918	20
8919	94
8920	9
8921	72
8922	75
8923	34
8924	41
8925	22
8926	97
8927	56
8928	3
8929	79
8930	5
8931	35
8932	58
8933	49
8934	1
8935	64
8936	95
8937	35
8938	93
8939	97
8940	64
8941	21
8942	2
8943	94
8944	50
8945	75
8946	3
8947	16
8948	56
8949	48
8950	79
8951	43
8952	39
8953	96
8954	96
8955	76
8956	43
8957	28
8958	67
8959	78
8960	70
8961	23
8962	96
8963	68
8964	87
8965	55
8966	45
8967	68
8968	32
8969	18
8970	8
8971	62
8972	32
8973	46
8974	54
8975	84
8976	90
8977	53
8978	27
8979	76
8980	73
8981	30
8982	67
8983	62
8984	78
8985	82
8986	0
8987	39
8988	31
8989	10
8990	33
8991	87
8992	46
8993	16
8994	66
8995	2
8996	11
8997	96
8998	21
8999	59
9000	19
9001	71
9002	26
9003	29
9004	37
9005	4
9006	73
9007	54
9008	5
9009	15
9010	69
9011	20
9012	82
9013	64
9014	56
9015	72
9016	20
9017	0
9018	22
9019	66
9020	60
9021	8
9022	7
9023	72
9024	23
9025	99
9026	74
9027	92
9028	92
9029	29
9030	14
9031	34
9032	25
9033	22
9034	83
9035	27
9036	34
9037	39
9038	21
9039	29
9040	36
9041	14
9042	42
9043	86
9044	4
9045	25
9046	72
9047	39
9048	93
9049	60
9050	40
9051	55
9052	12
9053	26
9054	98
9055	50
9056	54
9057	83
9058	44
9059	12
9060	91
9061	89
9062	55
9063	51
9064	77
9065	4
9066	65
9067	81
9068	7
9069	65
9070	68
9071	51
9072	54
9073	80
9074	25
9075	72
9076	72
9077	30
9078	99
9079	54
9080	71
9081	19
9082	69
9083	1
9084	39
9085	12
9086	63
9087	15
9088	64
9089	14
9090	55
9091	52
9092	60
9093	90
9094	17
9095	85
9096	67
9097	68
9098	24
9099	65
9100	13
9101	19
9102	50
9103	22
9104	91
9105	58
9106	21
9107	57
9108	73
9109	71
9110	17
9111	3
9112	13
9113	88
9114	1
9115	28
9116	86
9117	89
9118	93
9119	50
9120	48
9121	53
9122	91
9123	98
9124	57
9125	47
9126	11
9127	33
9128	88
9129	50
9130	65
9131	80
9132	77
9133	55
9134	89
9135	83
9136	85
9137	32
9138	28
9139	32
9140	91
9141	17
9142	60
9143	45
9144	60
9145	51
9146	26
9147	55
9148	30
9149	30
9150	48
9151	67
9152	66
9153	5
9154	65
9155	25
9156	22
9157	22
9158	85
9159	35
9160	44
9161	42
9162	47
9163	9
9164	88
9165	56
9166	20
9167	46
9168	17
9169	20
9170	65
9171	3
9172	27
9173	43
9174	32
9175	5
9176	28
9177	28
9178	80
9179	78
9180	26
9181	19
9182	32
9183	64
9184	10
9185	38
9186	72
9187	17
9188	56
9189	6
9190	92
9191	52
9192	25
9193	34
9194	23
9195	90
9196	26
9197	55
9198	11
9199	81
9200	9
9201	68
9202	65
9203	90
9204	91
9205	78
9206	94
9207	4
9208	0
9209	50
9210	70
9211	99
9212	50
9213	60
9214	26
9215	41
9216	28
9217	0
9218	31
9219	21
9220	96
9221	31
9222	66
9223	6
9224	21
9225	97
9226	62
9227	10
9228	33
9229	67
9230	57
9231	3
9232	49
9233	85
9234	26
9235	1
9236	72
9237	79
9238	92
9239	32
9240	8
9241	30
9242	87
9243	85
9244	0
9245	6
9246	12
9247	69
9248	53
9249	4
9250	5
9251	82
9252	43
9253	51
9254	58
9255	29
9256	47
9257	2
9258	31
9259	35
9260	11
9261	39
9262	6
9263	36
9264	55
9265	12
9266	9
9267	35
9268	3
9269	66
9270	67
9271	83
9272	89
9273	64
9274	20
9275	99
9276	35
9277	34
9278	22
9279	30
9280	71
9281	27
9282	37
9283	21
9284	32
9285	54
9286	90
9287	78
9288	86
9289	66
9290	82
9291	1
9292	71
9293	60
9294	25
9295	24
9296	29
9297	9
9298	77
9299	59
9300	84
9301	12
9302	60
9303	7
9304	91
9305	5
9306	70
9307	58
9308	32
9309	11
9310	16
9311	45
9312	18
9313	42
9314	32
9315	54
9316	59
9317	18
9318	47
9319	4
9320	63
9321	20
9322	9
9323	27
9324	7
9325	26
9326	52
9327	94
9328	49
9329	98
9330	42
9331	40
9332	62
9333	40
9334	45
9335	44
9336	85
9337	32
9338	26
9339	68
9340	2
9341	0
9342	13
9343	70
9344	49
9345	80
9346	53
9347	66
9348	20
9349	15
9350	89
9351	31
9352	84
9353	69
9354	14
9355	24
9356	55
9357	49
9358	68
9359	88
9360	65
9361	61
9362	69
9363	28
9364	11
9365	27
9366	74
9367	30
9368	88
9369	51
9370	11
9371	24
9372	63
9373	11
9374	61
9375	86
9376	34
9377	82
9378	79
9379	0
9380	53
9381	67
9382	70
9383	78
9384	2
9385	96
9386	95
9387	97
9388	73
9389	12
9390	11
9391	49
9392	82
9393	52
9394	62
9395	83
9396	54
9397	5
9398	71
9399	11
9400	91
9401	64
9402	22
9403	14
9404	26
9405	16
9406	78
9407	41
9408	33
9409	93
9410	29
9411	82
9412	49
9413	60
9414	9
9415	40
9416	49
9417	3
9418	3
9419	44
9420	67
9421	95
9422	82
9423	97
9424	39
9425	8
9426	0
9427	86
9428	38
9429	12
9430	86
9431	50
9432	44
9433	61
9434	22
9435	47
9436	41
9437	46
9438	87
9439	32
9440	90
9441	3
9442	91
9443	46
9444	47
9445	95
9446	99
9447	87
9448	36
9449	18
9450	33
9451	59
9452	68
9453	62
9454	23
9455	19
9456	2
9457	35
9458	9
9459	77
9460	48
9461	21
9462	70
9463	68
9464	65
9465	36
9466	4
9467	50
9468	61
9469	90
9470	36
9471	66
9472	54
9473	85
9474	61
9475	50
9476	57
9477	30
9478	15
9479	0
9480	53
9481	4
9482	62
9483	39
9484	11
9485	92
9486	39
9487	99
9488	85
9489	87
9490	71
9491	81
9492	96
9493	16
9494	65
9495	92
9496	4
9497	1
9498	21
9499	91
9500	71
9501	39
9502	13
9503	65
9504	30
9505	11
9506	96
9507	7
9508	53
9509	26
9510	47
9511	54
9512	12
9513	56
9514	91
9515	17
9516	31
9517	95
9518	58
9519	63
9520	52
9521	79
9522	19
9523	42
9524	71
9525	62
9526	68
9527	87
9528	52
9529	90
9530	57
9531	83
9532	15
9533	22
9534	75
9535	84
9536	89
9537	7
9538	2
9539	90
9540	83
9541	3
9542	21
9543	94
9544	17
9545	43
9546	4
9547	97
9548	95
9549	70
9550	83
9551	4
9552	47
9553	14
9554	98
9555	96
9556	93
9557	18
9558	94
9559	58
9560	79
9561	57
9562	28
9563	57
9564	59
9565	52
9566	28
9567	25
9568	42
9569	84
9570	40
9571	54
9572	29
9573	58
9574	31
9575	83
9576	72
9577	5
9578	80
9579	88
9580	6
9581	18
9582	96
9583	1
9584	61
9585	11
9586	46
9587	4
9588	90
9589	76
9590	60
9591	12
9592	67
9593	8
9594	15
9595	88
9596	5
9597	53
9598	45
9599	11
9600	57
9601	53
9602	97
9603	84
9604	11
9605	32
9606	88
9607	99
9608	13
9609	38
9610	48
9611	46
9612	82
9613	90
9614	24
9615	74
9616	14
9617	89
9618	96
9619	5
9620	56
9621	18
9622	31
9623	64
9624	0
9625	9
9626	11
9627	54
9628	95
9629	92
9630	23
9631	6
9632	93
9633	27
9634	30
9635	46
9636	10
9637	51
9638	39
9639	76
9640	16
9641	29
9642	28
9643	87
9644	84
9645	22
9646	33
9647	48
9648	9
9649	59
9650	6
9651	22
9652	2
9653	33
9654	27
9655	58
9656	66
9657	51
9658	36
9659	85
9660	45
9661	38
9662	44
9663	37
9664	64
9665	88
9666	53
9667	49
9668	33
9669	17
9670	29
9671	34
9672	84
9673	2
9674	17
9675	54
9676	12
9677	60
9678	5
9679	75
9680	99
9681	13
9682	49
9683	97
9684	14
9685	86
9686	9
9687	3
9688	74
9689	26
9690	91
9691	19
9692	97
9693	32
9694	37
9695	46
9696	72
9697	70
9698	20
9699	24
9700	70
9701	49
9702	53
9703	2
9704	88
9705	64
9706	12
9707	4
9708	97
9709	57
9710	80
9711	90
9712	95
9713	91
9714	77
9715	64
9716	0
9717	3
9718	3
9719	47
9720	55
9721	4
9722	77
9723	32
9724	94
9725	88
9726	49
9727	55
9728	35
9729	92
9730	69
9731	15
9732	99
9733	32
9734	70
9735	26
9736	28
9737	1
9738	54
9739	16
9740	35
9741	68
9742	49
9743	27
9744	33
9745	84
9746	35
9747	7
9748	57
9749	78
9750	46
9751	99
9752	77
9753	17
9754	0
9755	16
9756	93
9757	67
9758	95
9759	73
9760	30
9761	89
9762	40
9763	45
9764	39
9765	7
9766	42
9767	71
9768	44
9769	75
9770	74
9771	42
9772	10
9773	73
9774	8
9775	48
9776	74
9777	23
9778	5
9779	80
9780	23
9781	37
9782	63
9783	86
9784	20
9785	30
9786	3
9787	42
9788	42
9789	3
9790	6
9791	79
9792	91
9793	33
9794	6
9795	92
9796	66
9797	67
9798	66
9799	51
9800	60
9801	13
9802	60
9803	37
9804	97
9805	14
9806	91
9807	12
9808	28
9809	27
9810	4
9811	37
9812	81
9813	54
9814	65
9815	39
9816	26
9817	54
9818	32
9819	16
9820	44
9821	58
9822	33
9823	96
9824	15
9825	31
9826	34
9827	83
9828	48
9829	99
9830	45
9831	28
9832	91
9833	78
9834	24
9835	74
9836	72
9837	64
9838	8
9839	10
9840	66
9841	83
9842	69
9843	27
9844	4
9845	60
9846	6
9847	4
9848	57
9849	73
9850	73
9851	67
9852	55
9853	59
9854	79
9855	4
9856	7
9857	5
9858	71
9859	87
9860	86
9861	98
9862	46
9863	96
9864	57
9865	59
9866	59
9867	90
9868	80
9869	39
9870	11
9871	82
9872	61
9873	60
9874	79
9875	16
9876	0
9877	41
9878	56
9879	80
9880	80
9881	87
9882	31
9883	61
9884	0
9885	27
9886	69
9887	37
9888	71
9889	82
9890	81
9891	57
9892	60
9893	93
9894	32
9895	80
9896	38
9897	87
9898	74
9899	91
9900	20
9901	38
9902	25
9903	73
9904	57
9905	27
9906	68
9907	90
9908	95
9909	17
9910	95
9911	28
9912	87
9913	75
9914	76
9915	6
9916	80
9917	57
9918	20
9919	79
9920	65
9921	84
9922	22
9923	6
9924	50
9925	65
9926	14
9927	1
9928	49
9929	36
9930	68
9931	42
9932	14
9933	26
9934	89
9935	93
9936	2
9937	4
9938	11
9939	72
9940	62
9941	51
9942	93
9943	68
9944	50
9945	91
9946	92
9947	37
9948	95
9949	6
9950	69
9951	42
9952	32
9953	87
9954	56
9955	12
9956	54
9957	34
9958	1
9959	43
9960	86
9961	20
9962	28
9963	62
9964	17
9965	94
9966	23
9967	15
9968	15
9969	74
9970	73
9971	90
9972	16
9973	38
9974	37
9975	37
9976	17
9977	98
9978	63
9979	10
9980	34
9981	73
9982	8
9983	71
9984	83
9985	7
9986	66
9987	50
9988	55
9989	92
9990	29
9991	36
9992	36
9993	38
9994	40
9995	57
9996	37
9997	76
9998	80
9999	11
10000	45
